0.00497627
0.00555021
0.00374248
0.00424724
0.00451952
0.00497797
0.00381746
0.00419421
0.00430847
0.00512123
0.00459945
0.00531643
0.00499818
0.00428201
0.00327451
0.00383067
0.00506988
0.00377531
0.00409115
0.00458074
0.00442732
0.00496714
0.00783778
0.00817069
0.00722868
0.0093804
0.00468346
0.00403202
0.00548308
0.00463712
0.00488941
0.0104037
0.00873506
0.00702932
0.00649435
0.00726745
0.00387792
0.00462914
0.00491906
0.00433407
0.0046471
0.00745422
0.00813417
0.00703559
0.00793793
0.0100969
0.0107749
0.00422446
0.00402068
0.00293558
0.00284797
0.00140459
0.00166246
0.00419304
0.00181548
0.00416371
0.00109491
0.00139675
0.00379566
0.00272703
0.00382274
0.0033198
0.00109169
0.00105017
0.000976381
0.00419515
0.00130469
0.0032182
0.00452471
0.00402979
0.00311496
0.0010815
0.00143313
0.0069663
0.00381312
0.00285059
0.00171302
0.00105165
0.00102649
0.00555158
0.00102718
0.00284606
0.00119499
0.00122882
0.00628275
0.00744812
0.00655119
0.00250939
0.00935714
0.00811392
0.00311328
0.0033561
0.00216588
0.0096515
0.00767027
0.00686515
0.00672999
0.00450413
0.00491745
0.0017587
0.00196591
0.00426522
0.00312718
0.00112314
0.00978642
0.00675713
0.00365009
0.00360763
0.0010459
0.00299981
0.00373171
0.0026063
0.00254483
0.00611272
0.00710708
0.0108125
0.00750176
0.00177074
0.00356898
0.00929274
0.00321692
0.00455443
0.00291545
0.00127604
0.00116435
0.00374216
0.00337333
0.00482032
0.00488765
0.002645
0.0110634
0.00611761
0.00320516
0.00230641
0.00214613
0.00244875
0.00838483
0.00632729
0.00240567
0.00305455
0.00228396
0.00268499
0.00312686
0.00618707
0.00499266
0.0022046
0.00228784
0.00226491
0.00221963
0.00314579
0.00247339
0.0033817
0.00689964
0.00792189
0.00618614
0.0104157
0.00908453
0.00762685
0.00760776
0.00592746
0.00957915
0.00878422
0.00929851
0.00985534
0.00905691
0.00828104
0.00902109
0.00998037
0.0104578
0.00979854
0.00740719
0.00751568
0.00860328
0.0101986
0.00765006
0.00792207
0.00737904
0.00781543
0.00882811
0.00954569
0.00128565
0.00114081
0.00134628
0.00166549
0.000962732
0.00107158
0.00117245
0.00209904
0.000884883
0.00102762
0.00122733
0.000863677
0.000873143
0.000998343
0.00108946
0.010061
0.00616333
0.00975767
0.00689064
0.00596646
0.00773257
0.00100343
0.000962032
0.00649719
0.00295142
0.0010315
0.00106412
0.00131985
0.000884003
0.000695665
0.000977057
0.00304557
0.00107297
0.000667234
0.000929703
0.00458678
0.00193851
0.000654259
0.000766823
0.0063199
0.000864861
0.000528338
0.00731092
0.00622312
0.00975318
0.00768669
0.00652645
0.0105155
0.00908003
0.0104806
0.00862452
0.00782055
0.00931955
0.0100375
0.00898104
0.00995687
0.00737425
0.00823244
0.00799523
0.00534387
0.00804772
0.00903976
0.00779585
0.00283114
0.00165444
0.00115577
0.00164587
0.00164813
0.00163163
0.00239038
0.00109266
0.00183258
0.00118456
0.00121728
0.00131069
0.00141538
0.00109692
0.000863104
0.00104033
0.00203926
0.000923056
0.000826015
0.00103358
0.000986293
0.000808293
0.00111019
0.00104308
0.00267634
0.00946635
0.00677983
0.00746634
0.00538779
0.00780624
0.000902171
0.00546979
0.00137729
0.000918719
0.00376324
0.00111438
0.00192509
0.00108408
0.00064761
0.00186433
0.000984752
0.000718146
0.00136286
0.00184593
0.00077301
0.000685128
0.00633175
0.000873723
0.000911634
0.000687471
0.0030348
0.000581997
0.00116616
0.00765529
0.0101209
0.00552803
0.0100598
0.00891615
0.00765689
0.00843632
0.00837955
0.00741756
0.00885955
0.0105779
0.00838659
0.00872309
0.00736254
0.00733108
0.00759735
0.00904259
0.00719544
0.00764793
0.00886883
0.00692218
0.00640861
0.0105522
0.00901756
0.00934924
0.00649996
0.00944648
0.00707572
0.0075928
0.00629495
0.00702447
0.00744073
0.00384969
0.00654139
0.0104378
0.00541841
0.00994404
0.0087572
0.00752747
0.0088719
0.00855247
0.00841507
0.0100733
0.0105851
0.00851272
0.00875069
0.00748969
0.00751528
0.00707224
0.00951721
0.00794225
0.00742134
0.00800817
0.00515161
0.00635689
0.0104349
0.00817696
0.0091289
0.00583978
0.00955122
0.00683343
0.00711985
0.00618543
0.00683731
0.00779697
0.00511303
0.0107801
0.00706864
0.00419383
0.00708636
0.00495704
0.00577267
0.00497495
0.00398715
0.00106484
0.00106189
0.00610628
0.00143125
0.00913005
0.00277111
0.00375924
0.00412986
0.00231421
0.00228864
0.0031211
0.00179099
0.00480908
0.00613625
0.00233421
0.00243506
0.00721819
0.00229937
0.00134651
0.00231527
0.00127794
0.00415939
0.00280924
0.005347
0.00639408
0.00672773
0.0051743
0.00776083
0.0100601
0.00175546
0.00206454
0.00321794
0.00121167
0.00101742
0.00137006
0.00117995
0.00299406
0.00831721
0.00399484
0.0033822
0.00160577
0.00154456
0.00660972
0.00163759
0.00095679
0.00096122
0.000595839
0.00142133
0.00136554
0.00370871
0.00580461
0.00466618
0.00940969
0.00532611
0.00562918
0.00476826
0.00104051
0.00465019
0.00472247
0.00137547
0.00699247
0.0103185
0.00654559
0.00275639
0.00369799
0.00265994
0.00273055
0.00281
0.00330533
0.00274872
0.00381003
0.00390755
0.00175452
0.00224393
0.00239685
0.00220652
0.00737181
0.00376834
0.00189907
0.00292756
0.00938209
0.00130054
0.00172951
0.0021427
0.00320874
0.00134614
0.00995634
0.0039197
0.00268451
0.00147204
0.00532588
0.00729207
0.00713037
0.00667761
0.00753018
0.00540985
0.00188801
0.00339646
0.00154612
0.00168361
0.00153476
0.00173412
0.00647137
0.00169028
0.00169577
0.00184428
0.00108481
0.00119844
0.00107694
0.0067821
0.00476887
0.00147924
0.00680926
0.00276193
0.00156698
0.0058939
0.00202354
0.00546371
0.000947185
0.00108303
0.000888857
0.00151816
0.000462233
0.00624128
0.00183951
0.00177124
0.000765554
0.00821038
0.00862729
0.00535021
0.00962302
0.00204461
0.00195713
0.00232001
0.00198761
0.00248276
0.00212946
0.00258065
0.00198008
0.00220193
0.00267708
0.00620283
0.00947197
0.00973819
0.00954835
0.00864447
0.00645911
0.0106399
0.0030666
0.00149226
0.00167448
0.00584823
0.00812967
0.00192085
0.00284522
0.00149732
0.00241464
0.00140529
0.00512927
0.00639992
0.00150387
0.00402268
0.00237309
0.00210322
0.00162595
0.00413724
0.00168418
0.00205191
0.00272033
0.0022647
0.00230107
0.00166208
0.00153712
0.00896152
0.00844417
0.00823849
0.00797308
0.00497487
0.00200407
0.00920653
0.00578307
0.00736517
0.00829199
0.00812535
0.00456094
0.00252996
0.00179758
0.00230943
0.00229258
0.00190271
0.00224233
0.00239655
0.00221226
0.0018923
0.00239204
0.00956963
0.00991036
0.00726346
0.0109764
0.00314315
0.00225963
0.00155062
0.00610483
0.00756883
0.00389761
0.00113516
0.00157543
0.00157352
0.00226206
0.00735341
0.0078547
0.00144708
0.00230252
0.00151585
0.00500737
0.00209855
0.00271423
0.00211974
0.00188192
0.0017085
0.00459085
0.00354092
0.00307842
0.00100054
0.00767806
0.00698942
0.00750764
0.00622318
0.00293667
0.00592217
0.00564318
0.00655208
0.00538239
0.00507639
0.00608813
0.00542261
0.00557008
0.00535258
0.00705122
0.00741917
0.00554895
0.00655456
0.00585403
0.005485
0.00592277
0.00563504
0.00579756
0.00495019
0.0054181
0.00499379
0.00603219
0.0051653
0.00547141
0.00475127
0.00512747
0.00535467
0.00554255
0.00555244
0.00486234
0.00519381
0.00546784
0.00522064
0.00447657
0.00593557
0.00469698
0.00659346
0.00734542
0.0048863
0.00537677
0.00621687
0.00638564
0.00468636
0.00735669
0.00550484
0.0060839
0.00542425
0.00582579
0.00486741
0.00671989
0.00402607
0.00552933
0.00479137
0.01092
0.0110672
0.00398354
0.00312172
0.00546532
0.00481905
0.0045234
0.0055149
0.000303048
0.00066037
0.00035259
0.00046212
0.00129729
0.000476067
0.00300482
0.00532845
0.00436112
0.00472311
0.00472978
0.0051036
0.00461876
0.000805849
0.000901507
0.000349288
0.000389066
0.000418192
0.000282635
0.00036904
0.000901225
0.000286689
0.000277958
0.000264684
0.00508094
0.00474316
0.000682268
0.000266355
0.000263784
0.000253965
0.000618772
0.000259654
0.000248996
0.000250902
0.00641532
0.00703161
0.00555049
0.00517306
0.00778859
0.00614665
0.00603375
0.00544402
0.00467888
0.00710123
0.00629748
0.00491128
0.00621247
0.00583799
0.00636251
0.00491615
0.0057046
0.00459031
0.00771767
0.00388517
0.00502139
0.00554166
0.00493448
0.00533536
0.00625802
0.00539762
0.00700552
0.00734125
0.00545905
0.00529097
0.0055739
0.0050598
0.00649316
0.00541218
0.00520735
0.00476349
0.00501029
0.00650057
0.00753856
0.00485121
0.00441021
0.00729097
0.0097208
0.00975722
0.0109598
0.0102009
0.0109111
0.0101942
0.0106678
0.0111357
0.00995727
0.0107728
0.0104255
0.0104917
0.0110926
0.00970059
0.00995725
0.0107419
0.010415
0.000247241
0.0111373
0.0109088
0.0092252
0.00971584
0.00924458
0.00954002
0.00938274
0.0110509
0.0102057
0.0102861
0.00200764
0.00959945
0.0111997
0.00983969
0.000307319
0.010878
0.0103281
0.00992864
0.0110521
0.0100822
0.0106567
0.0105058
0.00033743
0.00046756
0.0103936
0.00939825
0.000265401
0.000267942
0.00997446
0.00411167
0.00965588
0.00887653
0.000274761
0.0108491
0.00957839
0.000356689
0.00986498
0.0108221
0.0103095
0.000295234
0.00978739
0.0109841
0.00913267
0.0100282
0.000333269
0.000383249
0.0106537
0.0104991
0.000250405
0.000279266
0.000309982
0.000508699
0.000245739
0.000276868
0.000326397
0.000235534
0.000251381
0.000262568
0.000294913
0.00881459
0.00876093
0.000267425
0.000263776
0.0101066
0.000868513
0.00026052
0.00197587
0.000248839
0.00047389
0.000239926
0.000251602
0.000296333
0.000231261
0.000248937
0.000242988
0.00027407
0.000489414
0.000235012
0.00025094
0.000284667
0.000227478
0.000242194
0.00024776
0.000275102
0.000298504
0.00313955
0.00109763
0.000198826
0.000543779
0.00382511
0.000197166
0.000423049
0.000208981
0.00657497
0.00672721
0.00662808
0.00497118
0.00538063
0.00639144
0.00501013
0.00540983
0.00514406
0.00586135
0.00728573
0.00562294
0.00491439
0.00704099
0.00534704
0.00592025
0.00416326
0.00594987
0.00467205
0.0070369
0.00460985
0.00591315
0.00541402
0.00531145
0.00505572
0.0050642
0.00539982
0.00576298
0.00567204
0.00512581
0.00482866
0.00549245
0.00498843
0.00481675
0.00709707
0.00649688
0.00636439
0.00769484
0.00732505
0.00514114
0.00577942
0.00452692
0.00730536
0.0046197
0.00445145
0.00511764
0.00583349
0.00826685
0.00578256
0.00524683
0.00479505
0.00438569
0.000350893
0.000819203
0.000308243
0.00114789
0.00961293
0.00477643
0.00467927
0.00426139
0.00466194
0.000734345
0.0031786
0.0049997
0.00430428
0.00481935
0.00499821
0.000332095
0.000703734
0.00109066
0.000280514
0.000377295
0.000425383
0.000276721
0.000273378
0.000279754
0.00491119
0.00440315
0.000332761
0.000257822
0.000260258
0.000255123
0.000782308
0.000254782
0.000252026
0.000272194
0.00635842
0.00682883
0.00538596
0.00623567
0.00746366
0.00598474
0.00610028
0.00605529
0.0048388
0.00617574
0.00532331
0.00530463
0.00601525
0.00544657
0.00477252
0.00565895
0.0071506
0.00475645
0.0054145
0.00566704
0.00510146
0.00542746
0.00592377
0.00442968
0.00741502
0.00720516
0.00430981
0.00542724
0.00571433
0.00531616
0.00661815
0.00467245
0.00687132
0.00508733
0.00512565
0.00495782
0.00513465
0.0064416
0.00714346
0.00499222
0.00475476
0.00735473
0.00978112
0.000459623
0.0109216
0.0102679
0.000312177
0.00044536
0.000456233
0.010306
0.0110971
0.0100218
0.0107177
0.0104684
0.000363362
0.000706512
0.000302035
0.000582604
0.000355322
0.000301108
0.000379592
0.000383576
0.00899986
0.0107538
0.00344985
0.00106228
0.00932414
0.00940404
0.00959489
0.00959995
0.000579987
0.0021792
0.0105127
0.0110009
0.0102505
0.0111683
0.00989506
0.0111308
0.0108264
0.0103798
0.00952925
0.0110019
0.0101388
0.000289467
0.010592
0.0105471
0.0100516
0.00944975
0.00959784
0.0091286
0.0103895
0.00968903
0.00926297
0.00936851
0.000731765
0.000319753
0.000291052
0.000341661
0.000334214
0.00041952
0.00065838
0.000288422
0.000327452
0.000311928
0.00032944
0.000338902
0.000347311
0.000284505
0.000225347
0.000272603
0.000620503
0.000264085
0.00021986
0.000272447
0.000276609
0.000223052
0.000292754
0.000278721
0.000753721
0.000332224
0.00108628
0.00947012
0.00925248
0.0005604
0.000372701
0.000509623
0.000852472
0.00015761
0.000591628
0.000240682
0.000207552
0.000252628
0.000255329
0.000215965
0.00026052
0.000253318
0.000671131
0.000258675
0.000212014
0.000250269
0.000268939
0.000224697
0.000272446
0.000266689
0.000504021
0.00396404
0.000493172
0.000148637
0.000287499
0.00179334
0.000153951
0.000471428
0.000427317
0.00656697
0.00527511
0.00447811
0.00512018
0.00635298
0.00496328
0.00531653
0.00541758
0.00630956
0.0077012
0.00552213
0.00507774
0.00497233
0.00541547
0.00573152
0.00509416
0.00577849
0.00481144
0.00508326
0.00447216
0.0061902
0.00482086
0.00532693
0.00518803
0.00490229
0.00602207
0.00540073
0.00572563
0.00500877
0.00527646
0.00525705
0.00472641
0.00446845
0.00548985
0.00489989
0.00641192
0.00682815
0.00538739
0.00514753
0.00541742
0.00539863
0.00472793
0.00702685
0.00415374
0.00712427
0.00460993
0.00584891
0.00591916
0.00534904
0.00494609
0.00524144
0.00469173
0.000312112
0.0110684
0.00519688
0.00487455
0.00483526
0.00410592
0.000743875
0.000318141
0.00835796
0.003955
0.00454107
0.00495508
0.00443981
0.00508924
0.0048818
0.00499353
0.00442469
0.0064017
0.00665271
0.00543585
0.00620544
0.00681636
0.00637328
0.00545716
0.00581657
0.00460795
0.00856266
0.00788733
0.00561134
0.00593535
0.00543665
0.00546124
0.00469864
0.00578015
0.00516997
0.00763067
0.00418714
0.004923
0.00533758
0.00510095
0.00601404
0.00577614
0.00481124
0.00659344
0.00647323
0.00468778
0.00517706
0.00562528
0.00546656
0.00602618
0.00482686
0.00660787
0.00507958
0.00499341
0.00464649
0.00435806
0.00616947
0.0067544
0.00470381
0.00436488
0.00632255
0.000198237
0.00980476
0.000235257
0.000227208
0.0108634
0.0102456
0.000543763
0.000239946
0.000222752
0.000236402
0.000225001
0.0101496
0.0110327
0.00943252
0.00997705
0.0106942
0.0104457
0.00907409
0.000325273
0.000175686
0.000293042
0.000324014
0.00017358
0.00970369
0.000255558
0.000542485
0.000239182
0.000215906
0.0111708
0.000238075
0.0002257
0.000456559
0.000238881
0.000220556
0.000216819
0.000218046
0.000339574
0.000160662
0.00952424
0.0090657
0.00040274
0.00016286
0.000418863
0.00931015
0.0101443
0.00988551
0.0107713
0.0103388
0.00946542
0.0109312
0.00890396
0.0100662
0.0106041
0.0105337
0.000235505
0.000223013
0.000523395
0.000233039
0.000219624
0.000232312
0.000218573
0.0091432
0.00900494
0.009411
0.00918829
0.0104918
0.000557199
0.000352371
0.000181727
0.000212648
0.000228723
0.00021862
0.000533974
0.000231817
0.000216238
0.000230847
0.000218698
0.000374559
0.00251291
0.000163128
0.000392958
0.000164128
0.000331662
0.00709247
0.00617743
0.00472197
0.00504765
0.00616853
0.00476147
0.00535581
0.00539489
0.00640819
0.00711452
0.00530443
0.00512296
0.00491257
0.00535273
0.00584176
0.00436224
0.00593326
0.00465888
0.00515252
0.00481016
0.00620731
0.0049901
0.00503325
0.00510983
0.0042847
0.00539815
0.00553818
0.00574476
0.00506953
0.00534347
0.00521469
0.00486872
0.00412954
0.0061049
0.0048858
0.00629108
0.0075809
0.0056852
0.00512474
0.00573296
0.00518646
0.00409447
0.00721955
0.00426919
0.00658317
0.00487469
0.00553228
0.00810917
0.00570732
0.0040403
0.00490845
0.00451339
0.0028377
0.00471699
0.00420156
0.0044865
0.00446449
0.00213825
0.00377451
0.00379039
0.00500669
0.00468466
0.00497505
0.00453545
0.00496068
0.00459016
0.0066363
0.00706938
0.00557366
0.0060659
0.00718678
0.00674006
0.00548517
0.00559144
0.004736
0.00835641
0.00759068
0.00528348
0.00593042
0.0048841
0.00581984
0.00477702
0.00583856
0.00441986
0.00737964
0.00359608
0.00479336
0.00546165
0.00505613
0.00561105
0.00542114
0.00424454
0.00707045
0.00746201
0.00444579
0.00540984
0.005431
0.00542934
0.00634113
0.0046606
0.00627322
0.00508228
0.00488496
0.0049575
0.00500688
0.00611633
0.00761262
0.00485459
0.00412947
0.00747675
0.000204084
0.000251851
0.000223017
0.000215176
0.000272223
0.000270145
0.000525077
0.000225188
0.000210097
0.000222877
0.000212145
0.000846869
0.000279145
0.000411422
0.000258829
0.000273795
0.000274636
0.000261179
0.000391258
0.000154484
0.000313208
0.00034628
0.000153963
0.000564489
0.000268077
0.000548477
0.000225372
0.000205639
0.000265871
0.000223533
0.000211855
0.000527076
0.000227499
0.000210297
0.00022431
0.000216387
0.000343747
0.00015179
0.000282063
0.000268798
0.0004155
0.000155545
0.000446601
0.000263115
0.000798684
0.000261404
0.000279778
0.000277694
0.00079063
0.000283609
0.000346045
0.000288756
0.0002777
0.000292122
0.000221499
0.000210694
0.000528008
0.000223943
0.000208047
0.000222634
0.000211116
0.000581466
0.000407137
0.000269673
0.000269234
0.000645422
0.000597064
0.000367679
0.000175701
0.000205635
0.000223912
0.000215234
0.0005225
0.000227165
0.000210578
0.000224703
0.000211878
0.000381558
0.00340161
0.000160005
0.000405491
0.000159323
0.000359839
0.00764504
0.00434424
0.004845
0.0039328
0.00229347
0.00332118
0.00448056
0.0034703
0.00403386
0.00450573
0.00424247
0.00375171
0.0041578
0.00395043
0.00508018
0.00481585
0.0038431
0.00362079
0.00341965
0.00426686
0.00415349
0.00473132
0.00440897
0.00252118
0.00270672
0.000475864
0.00230564
0.000598167
0.000264821
0.00391136
0.000408401
0.000260163
0.000528317
0.000257053
0.000212395
0.000259227
0.000260251
0.000153658
0.000522299
0.000593239
0.00814991
0.00555669
0.00824491
0.00774721
0.00964512
0.00841366
0.00810577
0.00884597
0.00772274
0.00729278
0.0052208
0.00819954
0.000704537
0.0017952
0.00172229
0.000709093
0.000845655
0.000823092
0.00171976
0.00319547
0.00080443
0.00102544
0.00236332
0.00055851
0.00633919
0.007483
0.00054122
0.00815108
0.00374678
0.00487811
0.000672724
0.000695299
0.00069414
0.000833316
0.000609401
0.000590166
0.00390278
0.000594943
0.000766018
0.00101656
0.00116587
0.000583601
0.000616718
0.000776334
0.000446915
0.000597947
0.000573197
0.00029513
0.00116604
0.00124283
0.00175401
0.00136539
0.000875919
0.00441915
0.00100744
0.00615515
0.00530132
0.0048386
0.00515322
0.00456261
0.00509198
0.00510942
0.00533533
0.00476218
0.00512147
0.00501973
0.0045454
0.00594611
0.0058312
0.000454457
0.00135022
0.00111919
0.000446551
0.000506969
0.000499053
0.00136813
0.00149841
0.000428746
0.00049418
0.0014191
0.000275744
0.00596292
0.00588046
0.00325727
0.000276982
0.00462463
0.00512999
0.00628934
0.00455935
0.00213255
0.000383945
0.00175585
0.00455826
0.000512166
0.000429091
0.000453425
0.000446175
0.000515606
0.000418655
0.000392832
0.00441769
0.000367253
0.000415502
0.00042537
0.000521201
0.000859595
0.000298487
0.000275644
0.000341879
0.0003016
0.000398811
0.00040685
0.000163207
0.000390684
0.000795973
0.000681401
0.000427988
0.000464163
0.00220835
0.000502235
0.00246349
0.00482694
0.00309126
0.00280019
0.00402948
0.00383253
0.00388515
0.00322853
0.00372431
0.00384521
0.00417529
0.00341468
0.00369136
0.00442399
0.00375474
0.0035156
0.00367361
0.0045636
0.000574803
0.00465428
0.00407187
0.0029811
0.000295186
0.000275847
0.000311058
0.000804492
0.000278752
0.000479362
0.00030223
0.000274634
0.000313054
0.00305616
0.000381154
0.000673259
0.000761356
0.000274818
0.000692282
0.000321129
0.000276875
0.000333864
0.000280414
0.000394318
0.00019727
0.00063521
0.000205549
0.000398639
0.000426808
0.00060232
0.000417004
0.0043041
0.00141365
0.00388441
0.0064197
0.00910963
0.00896465
0.00531665
0.00809092
0.00703169
0.00783747
0.00781524
0.00811056
0.000733385
0.00118166
0.000701658
0.00186025
0.00162224
0.000810347
0.000640901
0.000662315
0.00214855
0.00909237
0.000599587
0.000658203
0.000629972
0.000686899
0.000785656
0.00159224
0.000683891
0.000638965
0.000690584
0.000656694
0.000692691
0.000723935
0.000568666
0.00513631
0.00183293
0.000898147
0.00180272
0.00068117
0.0016712
0.000781538
0.000666099
0.000813391
0.000850571
0.000695505
0.00104941
0.00107865
0.000434969
0.000551343
0.000626668
0.00143546
0.00563168
0.00281539
0.000504822
0.000907059
0.00113049
0.000614786
0.000385396
0.00595548
0.00117301
0.00157678
0.000573533
0.00350367
0.00205005
0.00493045
0.00686737
0.00684646
0.00370167
0.0050569
0.00609514
0.00460162
0.00501405
0.00439953
0.00514737
0.00520924
0.00532855
0.00494869
0.00460807
0.00527942
0.0057779
0.000439701
0.000981357
0.000451596
0.00151989
0.000677226
0.000430364
0.00031869
0.000292754
0.00121421
0.00491744
0.00534143
0.00297882
0.000396186
0.000442306
0.000393906
0.000438147
0.000515477
0.0012056
0.000461242
0.000587737
0.000392839
0.000424902
0.000389207
0.000432542
0.000383513
0.0043355
0.00153541
0.000328524
0.00072786
0.00363614
0.00146238
0.000462374
0.00108189
0.000402647
0.000417016
0.000398369
0.000429282
0.000421571
0.000469462
0.000492711
0.000284257
0.000299103
0.000270019
0.000785086
0.00320935
0.00155716
0.000298821
0.000457567
0.000527694
0.000407792
0.000251729
0.00387861
0.000740278
0.00086932
0.000263262
0.00198174
0.000841929
0.00578991
0.00822218
0.00752735
0.0100907
0.00399104
0.00563644
0.00746135
0.00491993
0.00538349
0.00518638
0.00502892
0.00692789
0.00485135
0.00528482
0.00778945
0.00515803
0.0040771
0.00692931
0.00682977
0.00731889
0.00716793
0.00764402
0.00767694
0.00801319
0.00841188
0.000664113
0.000583563
0.000530958
0.000624328
0.00195147
0.000618954
0.00057928
0.000591725
0.00865961
0.00738871
0.00762538
0.00706195
0.000576417
0.000723703
0.00103345
0.000573408
0.000544324
0.000585431
0.00561942
0.00496473
0.00347313
0.00644591
0.00670854
0.00573786
0.00439392
0.00521812
0.00652844
0.00406569
0.00709429
0.00261256
0.00504827
0.00657252
0.00468571
0.000958399
0.00227019
0.000497087
0.00049231
0.000582374
0.000500154
0.000610953
0.000559325
0.00068216
0.00109551
0.000494009
0.00058127
0.00069491
0.000486411
0.000545952
0.000549251
0.00064761
0.000836256
0.00359692
0.00489473
0.00121574
0.000429492
0.000880519
0.000811735
0.00290535
0.00458944
0.000382463
0.00109989
0.00140304
0.000741847
0.0013592
0.00048856
0.000520038
0.00061436
0.00104062
0.000495518
0.000508754
0.000609404
0.00049235
0.00054904
0.000541755
0.000612886
0.00126701
0.000544246
0.000767908
0.00112041
0.000508173
0.00157172
0.000302565
0.00591928
0.0073812
0.000532642
0.00157119
0.000467801
0.00500499
0.00565444
0.00791506
0.00661684
0.00766286
0.00657213
0.00550934
0.00716133
0.00498107
0.00481399
0.00377645
0.00158466
0.00864789
0.0052727
0.00483324
0.00433482
0.00484961
0.00474653
0.00630115
0.00554618
0.0071382
0.00496044
0.00535438
0.00523267
0.00536277
0.00863482
0.00688351
0.0059486
0.0036235
0.00572112
0.00505657
0.006422
0.0036898
0.00431079
0.00993049
0.00786392
0.00871949
0.00766705
0.00506351
0.00513275
0.00518359
0.00403677
0.00466795
0.00423776
0.00417969
0.00519916
0.00416063
0.00423225
0.00669127
0.00728188
0.00482872
0.00574466
0.00785568
0.00838073
0.00774414
0.00882213
0.0066814
0.00583683
0.00530453
0.00813192
0.00145088
0.000574575
0.00059009
0.000580726
0.00150712
0.000579656
0.000609562
0.000548792
0.00800548
0.00783155
0.00977054
0.0080794
0.00869331
0.000540677
0.000730722
0.00196738
0.000549302
0.000566537
0.000562008
0.00646003
0.00656375
0.00476098
0.00982265
0.00591641
0.00271672
0.00620408
0.00563097
0.00549027
0.00559845
0.00707217
0.00469623
0.00227038
0.00811382
0.00260961
0.0047898
0.00741004
0.00411921
0.00152235
0.00147716
0.00057818
0.000449897
0.000587481
0.000600637
0.00045611
0.000629735
0.000606812
0.00123594
0.00062305
0.000453374
0.000593816
0.000552964
0.000457996
0.000557462
0.000597733
0.000860829
0.00448445
0.00504412
0.00220292
0.000357391
0.000833832
0.00108118
0.00450146
0.00473287
0.000358149
0.00056306
0.000676343
0.000449579
0.00719552
0.000539407
0.000470136
0.000587127
0.00160131
0.000572597
0.000469932
0.000598586
0.000573499
0.000462076
0.000571477
0.000588521
0.00179813
0.000677493
0.00115348
0.00375312
0.000407562
0.000896773
0.00495631
0.00541131
0.00759912
0.0100203
0.00388853
0.006208
0.0063664
0.00599217
0.00493479
0.00606121
0.00070322
0.000458196
0.00695746
0.00602548
0.00573083
0.00764756
0.00649369
0.00451395
0.00686771
0.00617253
0.00437551
0.00612006
0.00535058
0.00631455
0.00668299
0.00132235
0.00805922
0.00415118
0.00503666
0.00661261
0.00486981
0.00583638
0.00559423
0.00496096
0.0045879
0.00427928
0.00541887
0.00335174
0.00293202
0.00407321
0.00402699
0.00347558
0.0032603
0.00445717
0.00400608
0.00455608
0.00367394
0.00311742
0.00275852
0.00289
0.0042474
0.00372619
0.00436752
0.00407559
0.00343349
0.00320442
0.00357255
0.00314108
0.00365129
0.00337041
0.00364523
0.004171
0.00372005
0.00386205
0.00319699
0.00340834
0.00331414
0.00415993
0.00405771
0.00336093
0.00325742
0.00335002
0.00372264
0.00336791
0.00330119
0.00320781
0.0035188
0.00395397
0.00381903
0.00325171
0.00365189
0.00384779
0.00354179
0.00307993
0.00290699
0.00388377
0.00355823
0.00403231
0.00384924
0.00329597
0.00420416
0.00305411
0.00431849
0.00327586
0.0036614
0.00370932
0.00334291
0.00393362
0.00354987
0.00367284
0.00319989
0.00369547
0.00315926
0.00308781
0.0029459
0.00311104
0.0038859
0.00340303
0.00343983
0.00400383
0.00386152
0.0041679
0.00306773
0.0049821
0.00325635
0.00386135
0.00413952
0.00335588
0.00332563
0.00412932
0.00372125
0.00348113
0.00304303
0.00301659
0.00345154
0.00345707
0.00367353
0.00322829
0.00334269
0.00329281
0.00351157
0.0029092
0.00359477
0.00398439
0.00401273
0.00406025
0.00339062
0.00270433
0.00433335
0.00328911
0.00452099
0.00335594
0.0032215
0.00448635
0.00371705
0.0036616
0.00292414
0.00313467
0.00363939
0.00314443
0.00356031
0.00304299
0.00271927
0.00299983
0.0044642
0.00538876
0.00310617
0.00355953
0.00239329
0.0037284
0.00218361
0.00420805
0.00378037
0.00489247
0.00340423
0.00364636
0.00456187
0.00401396
0.0032603
0.00440381
0.00374674
0.00344553
0.00314608
0.00365429
0.00383096
0.00435776
0.00406001
0.00411054
0.00346377
0.00302119
0.00335327
0.00375582
0.00402201
0.00383958
0.00316316
0.00521057
0.00280732
0.00383197
0.00672914
0.00717514
0.00322538
0.00284394
0.0038932
0.00371488
0.00349177
0.00343216
0.00327583
0.00834052
0.00834167
0.00800632
0.00685382
0.00287408
0.00860935
0.00748349
0.00817124
0.00828099
0.00849688
0.0080158
0.00810209
0.00681616
0.00698242
0.0083413
0.00778781
0.00769982
0.00840327
0.00735681
0.00810733
0.0078996
0.00884348
0.00746722
0.0036161
0.00351367
0.00344526
0.00311119
0.0039116
0.00386781
0.00336547
0.00262207
0.00847721
0.00763609
0.00866111
0.00798715
0.00786178
0.0082647
0.00738813
0.00909308
0.00818642
0.0079467
0.00754976
0.00852457
0.00774319
0.00835487
0.00095757
0.00025509
0.00295688
0.00299388
0.0041266
0.00283973
0.00243724
0.00367079
0.00400842
0.00367643
0.00326286
0.00753688
0.007115
0.00073238
0.00873292
0.000294326
0.00783268
0.000362251
0.00022802
0.000178307
0.000251796
0.000177879
0.00024875
0.000170911
0.000223611
0.000151909
0.00367411
0.00319184
0.00374867
0.00405098
0.00300357
0.00419679
0.00274727
0.00345588
0.00278542
0.00170463
0.000179733
0.000224648
0.000356685
0.000208758
0.000168567
0.000224851
0.000123934
0.000176423
0.00022622
0.000161172
0.000215347
0.000264117
0.000145134
0.00611001
0.00375242
0.00490695
0.00473986
0.00287301
0.00323419
0.00270346
0.0036035
0.00387341
0.00355737
0.00345057
0.00406086
0.00417744
0.00390327
0.00397471
0.00358612
0.00368292
0.00347692
0.0035757
0.00270036
0.00353247
0.00285641
0.00380639
0.00507161
0.00574955
0.00285642
0.00386119
0.00391511
0.00381109
0.00356569
0.0040547
0.00370891
0.00299811
0.00168964
0.00242899
0.00390502
0.00490692
0.00284995
0.00305895
0.00274644
0.00558549
0.00356311
0.00574407
0.00606311
0.00612173
0.00579563
0.00605056
0.00610657
0.00612845
0.00669985
0.00608258
0.00612116
0.00602718
0.00611803
0.00660091
0.00698856
0.0061719
0.00607247
0.00603373
0.00611938
0.00750619
0.00608458
0.000169009
0.00609861
0.00612341
0.00602173
0.00611076
0.00611887
0.00628646
0.0061435
0.00603639
0.0056388
0.0056491
0.00599777
0.00580982
0.00581495
0.00573004
9.44411e-005
0.00594767
0.00586318
0.00589054
0.010062
0.0147088
0.00546736
0.00707069
0.00728537
0.00570663
0.00568766
0.0059811
0.0058429
0.00577472
0.00573068
0.00592069
0.00588226
0.00604606
0.00919721
0.00585925
0.00586044
0.00592848
0.00590721
0.00618848
0.00967115
0.00719974
0.00740149
0.00445205
0.00595063
0.00606828
0.0060394
0.00611507
7.95954e-005
0.00570718
0.00701404
0.00609253
0.00602709
0.00611708
0.00731844
0.000782062
0.00689627
0.00641875
0.00607811
0.00603034
0.00612189
8.59115e-005
0.000170132
0.00709503
0.00645699
0.00610404
0.00612411
0.00601326
0.00610678
9.47267e-005
0.000125394
0.000370335
0.000126839
0.000167468
0.000280373
8.61559e-005
0.000112402
0.000113517
0.0058644
0.00562211
0.00566774
0.0059946
0.00582878
0.00575452
0.00593525
0.00587433
0.00568173
0.00789167
0.00565484
0.0056876
0.000524421
0.00570843
0.00596564
0.00585463
0.00579313
0.00591021
0.00589206
9.05758e-005
0.000128504
0.00648402
0.0120621
0.00280799
0.00603048
0.00554107
9.63975e-005
8.26605e-005
8.30483e-005
0.000111544
0.00736517
0.00726521
0.00611889
0.00603788
0.00611305
0.00574175
0.000693835
7.77783e-005
0.000173119
0.00622938
8.07993e-005
0.000103359
0.000247008
0.000105732
0.00611387
0.00652744
0.000224932
0.000221706
9.12567e-005
0.000101888
0.00650614
0.000107259
7.36224e-005
9.35569e-005
0.000241423
7.47434e-005
7.28034e-005
7.06116e-005
0.000185647
7.25423e-005
7.13037e-005
7.02269e-005
0.000144155
7.14743e-005
6.85275e-005
6.90632e-005
0.00584115
0.00593295
0.0058991
0.00580825
0.00814653
0.0057596
7.87041e-005
0.000102098
8.64003e-005
0.00586799
7.65413e-005
0.00591449
8.748e-005
0.000100379
0.00590822
8.10596e-005
8.47655e-005
6.85734e-005
7.77462e-005
0.0066164
0.0135033
0.000544781
0.000127114
8.13656e-005
6.65897e-005
7.62354e-005
7.90354e-005
6.71831e-005
7.57645e-005
0.000304113
0.00125465
0.000127777
0.000135216
6.85671e-005
6.74371e-005
6.76802e-005
0.00021773
6.82647e-005
6.58537e-005
6.54519e-005
0.000383083
0.000172945
6.75245e-005
6.61734e-005
6.55009e-005
0.00018185
0.000172542
6.68105e-005
6.53457e-005
6.58709e-005
0.000130709
6.23023e-005
7.45658e-005
6.41353e-005
7.22987e-005
7.4021e-005
6.35598e-005
7.08337e-005
0.00207579
0.000674874
7.36324e-005
6.31689e-005
7.02273e-005
7.21392e-005
6.42117e-005
7.19632e-005
0.000333849
0.00252718
0.000129126
0.000165042
0.000110949
0.00320835
0.00281898
0.00389621
0.00296468
0.00312294
0.00308564
0.00892718
0.00334496
0.00261233
0.00289907
0.00901843
0.00905164
0.00339243
0.00418441
0.0029884
0.00289567
0.00539066
0.00324104
0.00461042
0.00411362
0.00315768
0.00392939
0.00409913
0.00286695
0.00272713
0.00358182
0.00390933
0.00396395
0.00282851
0.00332101
0.00319025
0.00460306
0.00383061
0.00329558
0.00355639
0.00377235
0.00330724
0.00380807
0.00392336
0.0035654
0.00410615
0.00394109
0.00407262
0.00351534
0.00358364
0.00312085
0.00428998
0.00451752
0.0032746
0.00401003
0.00339736
0.00359614
0.00349597
0.0033927
0.00301576
0.00313868
0.0041129
0.00328069
0.00308405
0.00303453
0.00368145
0.00347257
0.00330355
0.00284815
0.00349684
0.00411461
0.00386434
0.00428316
0.0033937
0.00400585
0.00312887
0.00412117
0.00358206
0.00328885
0.00352434
0.00323732
0.00344004
0.00382622
0.00430924
0.00346641
0.00377484
0.00337795
0.00290022
0.00286385
0.003065
0.00385342
0.00345846
0.00298838
0.0036303
0.00385196
0.00381114
0.00348852
0.00441905
0.0033341
0.00284047
0.00449878
0.00327744
0.00322767
0.00418623
0.00367013
0.00373798
0.00285986
0.00341659
0.00370073
0.00323066
0.003483
0.00301499
0.00328723
0.00375655
0.00371669
0.00329609
0.00380493
0.00356283
0.00404487
0.00394708
0.00320236
0.00336017
0.00466079
0.00374328
0.0046209
0.00305781
0.0031808
0.00421348
0.00361912
0.00343442
0.00297606
0.00302854
0.00332134
0.00313515
0.004229
0.00311302
0.00320354
0.00336135
0.00243572
0.00502333
0.00344856
0.00304764
0.00290081
0.00357932
0.00503416
0.00369959
0.00380473
0.00514586
0.00317971
0.00272805
0.00374772
0.00368544
0.0030897
0.0043212
0.00415798
0.00522162
0.00286356
0.00395925
0.00443702
0.00479633
0.00423655
0.00350398
0.00362973
0.00276143
0.00365519
0.0034717
0.00331938
0.00359815
0.00379475
0.00350918
0.00274153
0.00344289
0.00481529
0.00868488
0.00338908
0.00324651
0.00433853
0.00284815
0.00258757
0.0034043
0.00357153
0.000749815
0.00899477
0.000669445
0.00188988
0.00304417
0.00854082
0.00756047
0.00840867
0.000427377
0.00823793
0.00794025
0.00818592
0.000279035
0.00717319
0.00826781
0.00786863
0.00762693
0.00846632
0.00754856
0.00847743
0.0081095
0.000252791
0.000334802
0.00401339
0.00334006
0.00368159
0.0027986
0.00303314
0.00390768
0.00283965
0.00366065
0.00841067
0.00770943
0.0089189
0.00774195
0.00778045
0.00833695
0.00761116
0.00879415
0.00809925
0.00802243
0.00746979
0.00858661
0.00794167
0.00861963
0.00617976
0.00886908
0.00271827
0.00397443
0.00243834
0.00319349
0.00337782
0.0042166
0.00308954
0.00375797
0.00352215
0.00184406
0.000210077
0.00725197
0.00029565
0.0087428
0.000254668
0.000169058
0.000481355
0.000253726
0.000185046
0.000222693
0.000178702
0.000246443
0.000184774
0.000412973
0.00314344
0.00305473
0.00248803
0.00464566
0.00372811
0.00331592
0.00364767
0.00336188
0.00327673
0.00243597
0.000215251
0.000169834
0.00020173
0.000346888
0.000220503
0.000184029
0.000259968
0.000220784
0.000177126
0.000218035
0.000186284
0.000157659
0.000291024
0.00139671
0.00416414
0.0019323
0.00219825
0.00285923
0.00284583
0.00291009
0.00374683
0.00328626
0.00326188
0.00315553
0.00510465
0.0038208
0.00349046
0.00314236
0.00361136
0.00315331
0.00273225
0.00292605
0.00387691
0.00337471
0.00329099
0.0039297
0.00488059
0.00550987
0.00377435
0.00356814
0.0034388
0.00391559
0.00305446
0.00380367
0.00331551
0.00313501
0.00176988
0.00448463
0.0031761
0.00557167
0.00297514
0.00268743
0.0030169
0.00560681
0.00371112
0.00584767
0.00606604
9.56977e-005
0.00021431
0.00604365
0.00611132
0.00612091
0.00685478
0.00608807
8.76357e-005
0.00602782
0.00611841
0.00695699
0.000226278
0.00629274
0.00607591
0.0060324
0.00612185
0.00730359
0.00626503
0.00629308
0.00610222
8.04865e-005
0.00601855
0.00610933
8.87094e-005
0.000223744
0.000300445
0.00594496
0.00563
0.005658
0.00599898
0.00581993
0.000125798
0.00574284
0.00593525
0.00594188
0.00586929
0.000104594
0.00273736
0.00385479
0.000308147
0.00744306
0.000635394
0.00561727
0.00569832
0.00597424
0.00584959
0.00578457
7.66495e-005
0.00591558
0.00588741
0.0062526
0.0102547
0.00594476
9.70704e-005
0.000108247
9.3508e-005
0.000337426
0.00121648
0.00728826
0.00734407
0.00627432
0.00605374
0.00606985
0.00603528
0.00611764
0.00611779
0.00589643
0.0071709
0.00609566
0.00602427
0.00611446
0.00769204
0.0075996
0.00683612
0.00654851
0.00607943
0.00602737
0.00612018
0.00611136
0.00674656
0.0068825
0.00667659
0.00610475
0.00612962
0.0060024
0.00610559
0.00610635
0.00600475
0.00685493
0.00604386
0.00640691
0.00647585
0.00609214
0.00602014
0.00606159
0.00578527
0.00560931
0.0056766
0.00598791
0.00583585
0.0057643
0.00592767
0.00587817
0.00585153
0.00843445
0.00575811
0.00609673
0.00613224
0.00571776
0.00595582
0.00585836
0.00580055
0.00590589
0.00589703
0.0057102
0.00596773
0.00674202
0.015591
0.0124667
0.00610927
0.00564218
0.0056183
0.00572861
0.0056842
0.0059838
0.00742388
0.00717566
8.1207e-005
0.000178737
7.84785e-005
0.000203683
0.00642661
0.00610042
0.00658786
0.000182059
0.00609987
0.00601235
0.00702736
0.00605434
8.71277e-005
0.000166918
0.00623401
0.0066148
0.0060767
0.00602392
0.000276206
0.00606095
7.3116e-005
9.53562e-005
0.000111297
7.22319e-005
7.17611e-005
7.44607e-005
8.72297e-005
7.0241e-005
7.09768e-005
7.02876e-005
0.000225354
6.98309e-005
6.97343e-005
7.46159e-005
8.84955e-005
9.82459e-005
8.53242e-005
0.000238813
0.000595227
8.80067e-005
0.00569766
0.0059763
0.0056423
8.27446e-005
0.00571207
0.000106227
0.00566422
0.00598591
8.97072e-005
7.12376e-005
7.05768e-005
7.6322e-005
7.33254e-005
0.000293671
0.00391226
0.000235195
0.000162078
6.86081e-005
7.19486e-005
6.97791e-005
6.84872e-005
7.39793e-005
7.27647e-005
0.000138878
0.000535256
0.000155561
8.72144e-005
6.68695e-005
6.83358e-005
6.62275e-005
0.000132859
6.57579e-005
6.53199e-005
6.79573e-005
0.000397986
0.000102982
6.63743e-005
6.64544e-005
6.70121e-005
0.000278986
0.000192895
6.66449e-005
6.69016e-005
7.03164e-005
0.000165413
6.40966e-005
6.46014e-005
6.80737e-005
6.55922e-005
6.44497e-005
6.81887e-005
6.75028e-005
0.00283697
0.000325497
6.47184e-005
6.87521e-005
6.68819e-005
6.55005e-005
6.91636e-005
6.93648e-005
0.000176289
0.00114847
0.00013647
0.000114763
0.000166725
0.00310674
0.00279974
0.00298933
0.0031347
0.00295154
0.00311065
0.00898558
0.00331835
0.00314196
0.00340692
0.00732674
0.00898318
0.00277791
0.00408029
0.00350443
0.0038713
0.00405554
0.00347275
0.0045781
0.00340419
0.00403165
0.00330725
0.00544121
0.00308352
0.00340593
0.00331553
0.00321674
0.00332948
0.00306943
0.00338132
0.00384058
0.00419179
0.00396298
0.00307912
0.00372188
0.00383463
0.00440652
0.0040584
0.00377663
0.00386064
0.00396672
0.00364079
0.00354001
0.00306735
0.00310755
0.00286322
0.00440597
0.00434149
0.00292934
0.00409399
0.00343114
0.00373479
0.00337407
0.00304184
0.00284974
0.00301927
0.00468123
0.00354754
0.00289328
0.00332488
0.00380996
0.00320683
0.00359356
0.0030177
0.00354262
0.00374031
0.00394743
0.0036871
0.00360118
0.00370185
0.00268233
0.00429351
0.00343674
0.00283037
0.00327053
0.00343187
0.00353365
0.00359448
0.00362207
0.00298799
0.00366291
0.00323451
0.00291425
0.0025062
0.00338445
0.00387904
0.00393736
0.00393807
0.00378448
0.00369503
0.00390655
0.00324966
0.00413308
0.00328547
0.00306996
0.00392986
0.00383826
0.00344214
0.00380938
0.00368913
0.00360346
0.00309116
0.0029643
0.00376413
0.00368789
0.00411169
0.0028048
0.00348401
0.00375057
0.00373885
0.00269547
0.00363979
0.00331437
0.0040423
0.0038216
0.00310324
0.00268247
0.00437512
0.00313249
0.00460704
0.00303681
0.00326594
0.00342125
0.00367702
0.00354005
0.00320047
0.00299941
0.00339358
0.00308287
0.00402184
0.00317689
0.00271354
0.00275186
0.00486636
0.00430198
0.00345828
0.00324126
0.00247462
0.00355434
0.00405373
0.00307401
0.00392207
0.00457589
0.00319253
0.00457982
0.00329845
0.00380437
0.00291151
0.0042003
0.00412641
0.00418271
0.00294206
0.00344978
0.00522917
0.00365569
0.00394622
0.00451601
0.00332864
0.00264379
0.00321471
0.0034283
0.00398636
0.00404118
0.00398047
0.00434965
0.00251986
0.00398385
0.00171805
0.00170352
0.00335922
0.00298541
0.00403139
0.00283386
0.00223612
0.0037816
0.00365613
0.00889559
0.000787483
0.00836066
0.00716905
0.00364118
0.000186526
0.000161514
0.000231628
0.00850275
0.000254946
0.000182977
0.000199034
0.00695706
0.000159485
0.000189742
0.000192798
0.000176876
0.00019488
0.000177386
0.000386306
0.000174297
0.00878836
0.00763825
0.00304626
0.00342065
0.00343816
0.00372603
0.00386775
0.00452204
0.00266504
0.00241356
0.000189167
0.000184605
0.000267618
0.000231791
0.000185808
0.00019644
0.000170091
0.000312628
0.000193578
0.000190777
0.000157785
0.000190721
0.000191586
0.000198638
0.00669841
0.0088058
0.00214298
0.00270385
0.00266358
0.002991
0.00343755
0.0042154
0.00296269
0.00399242
0.00372664
0.007874
0.00725853
0.00773877
0.00866766
0.00867758
0.00801234
0.000241257
0.000315279
0.000190092
0.000194005
0.000184711
0.00018939
0.00018429
0.000189306
0.000294425
0.00364369
0.00324567
0.00348508
0.00429871
0.00308354
0.00400051
0.00304437
0.00330845
0.00305454
0.00292188
0.000185163
0.000182636
0.000259912
0.000259717
0.00018124
0.000191529
0.000206116
0.000185871
0.000187815
0.000176266
0.000189027
0.000198952
0.000233497
0.0054012
0.00377229
0.00278586
0.0028263
0.00250492
0.00308329
0.00251526
0.00358037
0.00373798
0.00257425
0.00392192
0.00416079
0.00367807
0.00346831
0.00458128
0.00395002
0.00387212
0.00312556
0.00328558
0.00359991
0.00418773
0.00269758
0.00387506
0.00550559
0.0056274
0.00325331
0.00339153
0.00345868
0.00372045
0.00293056
0.00429267
0.00307344
0.00270508
0.00157158
0.00383653
0.0037763
0.00581346
0.00272047
0.00254254
0.00276567
0.00627377
0.00442504
9.67258e-005
6.16862e-005
0.00611896
0.00591174
6.1345e-005
6.42877e-005
8.09868e-005
0.000151485
6.44783e-005
0.00611441
6.38124e-005
6.42133e-005
0.000305996
0.00704702
0.000117947
6.44977e-005
6.38712e-005
6.46415e-005
0.000211063
0.000151432
0.0063559
6.46637e-005
0.0061165
6.38435e-005
6.42518e-005
0.006114
0.00640045
0.00630528
0.000140999
5.80582e-005
5.99939e-005
6.18604e-005
6.67291e-005
0.00582681
6.70694e-005
0.00594462
6.28692e-005
6.63257e-005
0.00589353
0.00326754
0.00358932
0.00563111
0.000364116
0.00765401
0.000132638
6.60808e-005
6.36625e-005
6.64644e-005
6.65378e-005
0.00573862
6.25942e-005
6.63645e-005
0.000201159
0.00103669
0.000128815
0.00586139
0.00591991
0.00590555
0.0063779
0.0108893
0.000131751
0.000122818
0.001457
9.93347e-005
6.42173e-005
6.34261e-005
6.48301e-005
0.00610922
0.000162226
0.000160639
6.47125e-005
6.37825e-005
6.51168e-005
0.000374573
0.00705935
0.000193412
0.000125542
6.42681e-005
6.3382e-005
6.50535e-005
0.00610325
0.00667083
0.000174115
0.000171336
6.4571e-005
8.21132e-005
6.10548e-005
6.09592e-005
0.00610224
0.0060068
0.00693241
0.00604774
0.0063249
0.0065284
0.00608329
0.00601889
0.00605954
0.000137727
5.74578e-005
6.46944e-005
6.38588e-005
6.61864e-005
6.59435e-005
6.34213e-005
6.63353e-005
0.000156221
0.000531939
0.000127359
0.00037159
0.00578258
6.49491e-005
6.3886e-005
6.59012e-005
6.54886e-005
5.92698e-005
6.44227e-005
0.0057031
0.00597039
0.000251483
0.00245754
0.00356797
0.000129557
7.2885e-005
0.00562979
0.00571799
0.00567316
0.00598148
0.000126097
0.000131904
0.0061133
0.00614592
0.00610891
0.00590446
0.00594285
0.00609521
0.00650938
0.00616076
0.00609181
0.0060106
0.00708698
0.00605327
0.00610923
0.00664396
0.00614871
0.00668528
0.00606544
0.0060253
0.00667919
0.00605724
6.42594e-005
7.3968e-005
0.000159269
6.43492e-005
6.34465e-005
6.4117e-005
0.000123968
6.37367e-005
6.32477e-005
6.34643e-005
0.0001653
6.36094e-005
6.25134e-005
6.4024e-005
0.0058442
0.00592521
0.00589759
0.00596616
0.00868375
0.00577317
0.00568736
0.00597414
0.0056454
0.00586999
0.00570426
0.0059034
0.00565149
0.00598652
0.00590576
6.58751e-005
6.65068e-005
6.34375e-005
6.56612e-005
0.00686247
0.0202362
0.000350372
0.000134887
6.53761e-005
6.25619e-005
6.50203e-005
6.53195e-005
6.27034e-005
6.55187e-005
0.00020409
0.000815455
0.000141867
0.000104625
6.27701e-005
6.27094e-005
6.27332e-005
0.00016271
6.27638e-005
6.16533e-005
6.25951e-005
0.000370566
0.00012911
6.26406e-005
6.20006e-005
6.24194e-005
0.00021445
0.000164562
6.26156e-005
6.15521e-005
6.31264e-005
0.000139229
5.84075e-005
6.38231e-005
6.13022e-005
6.42256e-005
6.44011e-005
6.15557e-005
6.4287e-005
0.00225904
0.000469748
6.39788e-005
6.18445e-005
6.39118e-005
6.39981e-005
6.15938e-005
6.49078e-005
0.000239858
0.00181126
0.000132561
0.000129211
0.000129227
0.00252732
0.00222057
0.00251831
0.00265748
0.00215938
0.00331684
0.000158089
0.00419691
0.00184056
0.00202681
0.00134997
0.000162466
0.00227141
0.0039044
0.00344224
0.0039394
0.00387398
0.00295985
0.00461748
0.00342353
0.00358671
0.00366641
0.00469706
0.00366991
0.00315881
0.00328186
0.00306962
0.00337895
0.00294307
0.00319434
0.0039755
0.00430627
0.00413546
0.00322967
0.00337843
0.00327246
0.00355355
0.00391089
0.00386057
0.00363729
0.00409011
0.00353686
0.00344848
0.00284418
0.00311272
0.00272752
0.0043024
0.00486334
0.00327917
0.003869
0.00309967
0.00358366
0.00333733
0.00281347
0.00269714
0.00296442
0.00421234
0.00330576
0.00278822
0.00304377
0.00349593
0.00327774
0.0029659
0.00278114
0.00383536
0.0041273
0.00386379
0.00391791
0.00320797
0.00365956
0.00265152
0.00419215
0.00322812
0.00273239
0.00311727
0.00321524
0.00296862
0.00347725
0.0037514
0.00278522
0.00358381
0.00308452
0.00299927
0.00259458
0.00308572
0.00375767
0.00336962
0.00312717
0.0040427
0.00392235
0.00404447
0.00300317
0.00428464
0.0029217
0.00275826
0.00428196
0.00297991
0.00328738
0.00364885
0.00337974
0.0035479
0.002955
0.00264676
0.0036828
0.00306082
0.00389331
0.00285013
0.00327107
0.00377282
0.00347492
0.00304717
0.00352997
0.00397139
0.00401104
0.00400175
0.00285735
0.00270425
0.00424882
0.00319173
0.00476137
0.00303503
0.00333227
0.00346481
0.00361673
0.00357119
0.00297365
0.00285285
0.00328598
0.00307547
0.0038241
0.00315358
0.00261874
0.00259384
0.00475527
0.00560582
0.00358829
0.00293395
0.00227176
0.00405156
0.00423631
0.00310984
0.00361896
0.0053651
0.0031027
0.00421012
0.00360503
0.00368889
0.0027831
0.00408244
0.00409189
0.00488304
0.0029592
0.00316055
0.00558382
0.00436077
0.00380975
0.00442178
0.00329022
0.00257322
0.00320682
0.00319863
0.00413993
0.00413491
0.00363487
0.00511991
0.00255483
0.00418294
0.00180982
0.00154486
0.00349397
0.00302879
0.00477212
0.00306971
0.00187843
0.00351755
0.00345593
0.000820582
0.000579968
0.000583696
0.00159583
0.00305238
0.000185402
0.000175597
0.00023466
0.000396683
0.000261728
0.000175986
0.000189541
0.000253719
0.00016703
0.000179241
0.000182895
0.000169199
0.000184577
0.000188533
0.000411466
0.000184989
0.000236715
0.000307275
0.00311707
0.00361584
0.00335962
0.0038818
0.00348353
0.00438051
0.00306005
0.00275463
0.00017954
0.000176903
0.000257688
0.000245835
0.000175132
0.000185641
0.000185499
0.00030027
0.000183282
0.000183234
0.000168612
0.000189271
0.000197287
0.000218345
0.000900094
0.000265478
0.00219801
0.00281855
0.00304997
0.00310622
0.00351673
0.00440024
0.00325922
0.00388548
0.00357957
0.00162952
0.000243218
0.000761964
0.000243063
0.000266509
0.00030242
0.000257819
0.000337099
0.000180494
0.000184522
0.000178768
0.000180517
0.000175777
0.000184147
0.000325263
0.00355892
0.00308306
0.00335106
0.00447307
0.00327618
0.00373933
0.0027796
0.00338794
0.00295307
0.002875
0.000179064
0.000177096
0.000268353
0.000264133
0.000176298
0.000189014
0.00021416
0.000183154
0.000183034
0.000171081
0.000183413
0.000202873
0.00024096
0.00353233
0.00386083
0.00297804
0.00283955
0.00249679
0.00335102
0.00282687
0.00370089
0.0037694
0.00284115
0.00367067
0.0050679
0.00386652
0.00376842
0.00414619
0.00378752
0.00397283
0.00332211
0.00345979
0.00372288
0.00428448
0.00274939
0.00366912
0.0057139
0.00643347
0.00413744
0.00381512
0.0032866
0.00383745
0.00264798
0.00389851
0.00289585
0.00262224
0.00190213
0.00354999
0.00354211
0.00621638
0.00262508
0.00224491
0.00268377
0.00677794
0.00412212
0.000101799
6.07225e-005
6.82379e-005
0.000209658
6.14361e-005
6.13206e-005
6.841e-005
0.000152736
6.12721e-005
6.92444e-005
6.00623e-005
6.09485e-005
0.000351355
0.000187078
0.000119222
6.08756e-005
6.01415e-005
6.08419e-005
0.000204365
0.000153979
0.000179865
6.09659e-005
7.07637e-005
5.98756e-005
6.08705e-005
6.99104e-005
0.000205447
0.000244778
0.000146192
5.74441e-005
6.11144e-005
5.85115e-005
6.24888e-005
6.93994e-005
6.24498e-005
9.05221e-005
5.98442e-005
6.2461e-005
6.97502e-005
0.00498265
0.00725811
0.000302932
0.000370773
0.000641174
0.000136637
6.14435e-005
5.99108e-005
6.19963e-005
6.19229e-005
7.00164e-005
5.95084e-005
6.26316e-005
0.000204645
0.00105815
0.000130466
6.96921e-005
8.86408e-005
7.17037e-005
0.000333503
0.00179837
0.000121097
0.000115846
0.00140744
0.000102395
6.08102e-005
6.05914e-005
6.08036e-005
7.09847e-005
0.000161166
0.000155675
6.08716e-005
5.99984e-005
6.06192e-005
0.000384437
0.000818958
0.000171613
0.000129157
6.09514e-005
6.04193e-005
6.0696e-005
6.94927e-005
0.000187718
0.000213055
0.000184193
6.09335e-005
6.79326e-005
5.97288e-005
6.11129e-005
6.79834e-005
8.76243e-005
0.000198927
8.90079e-005
0.000191415
0.000172249
7.01803e-005
9.05192e-005
9.14548e-005
0.000135134
5.66826e-005
6.11532e-005
5.99567e-005
6.19346e-005
6.18433e-005
5.9737e-005
6.22092e-005
0.000167769
0.000545826
0.000138723
0.000414508
0.000623865
6.17987e-005
6.04017e-005
6.20241e-005
6.19691e-005
5.95757e-005
6.29364e-005
6.87661e-005
8.54611e-005
0.000258523
0.00369483
0.00589261
0.000129107
8.5222e-005
6.6202e-005
7.09365e-005
7.10529e-005
8.89962e-005
0.000119017
0.00011808
7.16508e-005
0.000187905
7.25212e-005
0.000237007
0.000701461
7.2351e-005
0.000185534
0.000178988
7.12749e-005
9.27013e-005
0.000195272
9.33573e-005
7.22541e-005
0.00019678
0.000187832
0.000207538
7.22876e-005
9.6061e-005
0.000246551
9.58643e-005
6.01914e-005
6.89538e-005
0.000171047
6.03041e-005
5.95258e-005
6.04147e-005
0.000132381
6.02828e-005
5.9641e-005
6.03904e-005
0.000169938
6.04287e-005
5.9543e-005
6.06106e-005
7.13452e-005
9.19901e-005
7.3342e-005
0.000270249
0.000848122
7.74755e-005
7.21741e-005
9.10476e-005
6.88433e-005
7.45496e-005
7.32703e-005
9.27576e-005
7.31205e-005
9.48606e-005
7.46983e-005
6.19873e-005
6.26714e-005
5.95251e-005
6.17658e-005
0.000399805
0.00657538
0.000381667
0.000130859
6.19359e-005
5.95818e-005
6.1845e-005
6.20923e-005
5.92248e-005
6.19734e-005
0.000217507
0.000885254
0.000150951
0.000106017
6.06139e-005
6.00357e-005
6.10484e-005
0.000166945
6.11093e-005
6.02256e-005
6.0964e-005
0.000373297
0.000132332
6.0895e-005
6.01923e-005
6.10914e-005
0.000216919
0.00016324
6.10364e-005
6.00586e-005
6.07811e-005
0.000134368
5.61816e-005
6.14588e-005
5.99667e-005
6.25427e-005
6.26526e-005
5.97631e-005
6.24344e-005
0.00213074
0.000493749
6.1819e-005
6.03506e-005
6.21916e-005
6.21122e-005
5.92241e-005
6.24513e-005
0.000249133
0.0018678
0.000136009
0.000125918
0.000126276
0.0026271
0.00222235
0.0025707
0.00270588
0.00216969
0.00307798
0.000160045
0.0039881
0.00187503
0.00206132
0.00148195
0.000164521
0.00228603
0.00268259
0.00321066
0.0030321
0.00313218
0.00132206
0.00264903
0.00213533
0.00295946
0.00268917
0.00221882
0.00323177
0.00252879
0.00218498
0.00326325
0.00204147
0.00235203
0.000800607
0.000256433
0.000760508
0.000911034
0.000228881
0.000158849
0.000257064
0.00073048
0.0013918
0.00299733
0.00229508
0.00238684
0.00127208
0.000272757
0.00247725
0.00283824
0.00217468
0.00291473
0.00285766
0.00148739
0.00182812
0.00168906
7.26623e-005
0.00016925
0.000940333
7.32657e-005
0.000186497
7.2889e-005
9.46734e-005
0.000246711
9.58791e-005
0.000189343
0.000236406
7.30516e-005
9.62661e-005
9.53456e-005
0.000181114
0.000126248
0.00042511
0.000715394
7.20829e-005
9.33681e-005
0.00276563
6.76428e-005
7.54907e-005
7.27564e-005
7.24325e-005
9.50035e-005
0.00112585
0.00108413
7.53669e-005
0.000201593
0.00028056
7.49114e-005
0.000100206
9.96011e-005
0.000192895
0.00035948
8.06992e-005
0.000109578
0.000298352
6.18997e-005
8.23022e-005
7.33286e-005
7.35452e-005
9.94991e-005
7.79016e-005
0.000111529
6.3192e-005
8.39309e-005
0.000150641
0.000149042
0.000100772
0.000535315
0.000109048
0.00226118
0.00222832
0.00239596
0.00167702
0.00016838
0.00253026
0.00176363
0.00150791
0.000177604
0.000401501
0.000118586
0.00168812
0.00031824
0.00593784
0.00490278
0.00687802
0.00580383
0.00292785
0.00389163
0.00395654
0.00590975
0.00574028
0.00264267
0.00565029
0.00569353
0.00343942
0.00583873
0.00336171
0.00315441
0.00116459
0.000578598
0.00123861
0.00237623
0.000559509
0.00034702
0.000630625
0.00164463
0.00379974
0.00464312
0.00232583
0.00274146
0.00312599
0.00082337
0.00556022
0.00411891
0.00560068
0.00537424
0.00425646
0.00289961
0.00247319
0.00338609
0.000173597
0.000376607
0.00148076
0.000180166
0.000418145
0.000172971
0.000199825
0.000441821
0.000198659
0.00040772
0.000474741
0.000176637
0.000218606
0.000209685
0.000403295
0.000178647
0.000984117
0.00124495
0.000169272
0.000197314
0.00250771
0.00013822
0.000170753
0.000178609
0.000172778
0.000217573
0.00305022
0.00230726
0.000192684
0.000449533
0.000706218
0.000189075
0.000231921
0.000227141
0.000446335
0.000953481
0.000214165
0.000275152
0.000704237
0.000143342
0.000136239
0.000188265
0.000179744
0.000231504
0.000201933
0.000281009
0.000148096
0.000196067
0.000382571
0.000342697
0.000251169
0.00145132
0.000274959
0.00345368
0.00349041
0.00401833
0.00204291
0.000236715
0.00362068
0.00324043
0.00327314
0.000325182
0.00121431
0.000242674
0.00393114
0.000944972
0.00323054
0.00308006
0.00369869
0.00338322
0.00198997
0.00285197
0.00287599
0.0030777
0.00364205
0.0014098
0.00391786
0.00296367
0.00254424
0.00321603
0.00140309
0.0017329
0.000846131
0.000386276
0.000771465
0.00110815
0.000389952
0.000252883
0.000264126
0.000966418
0.00296784
0.00296412
0.00133409
0.00207159
0.00213431
0.000335157
0.00417654
0.00347509
0.00258179
0.00359586
0.00169482
0.00165009
0.00148192
0.00162279
0.000116746
0.000198538
0.0011886
0.00011565
0.000320876
0.000114807
0.000130649
0.00028495
0.000128124
0.000314575
0.00027478
0.000115026
0.000129588
0.000129029
0.000159488
0.000159996
0.000521059
0.00107929
0.000114866
0.000132552
0.00286332
8.96674e-005
0.000108043
0.000116265
0.000114739
0.000131609
0.00138881
0.00143138
0.000111992
0.000354948
0.000337714
0.000110241
0.000127412
0.000124866
0.000357796
0.000446843
0.000110049
0.000131173
0.000383926
7.25484e-005
7.78236e-005
0.000113473
0.000109726
0.000129563
0.00010841
0.000138951
7.81172e-005
9.09294e-005
0.000229763
0.000113515
0.000126743
0.000702801
0.000133941
0.0026871
0.00178319
0.00336807
0.00124666
0.000164763
0.00255354
0.0022214
0.00252809
0.000163217
0.000430547
0.000128493
0.00153364
0.000464494
0.00242205
0.00278296
0.00287787
0.00311652
0.00194761
0.0026438
0.00285868
0.00287997
0.00291475
0.00353542
0.00346754
0.00213988
0.00283699
0.00199729
0.00265364
0.00324646
0.00258675
0.00332154
0.00275594
0.00274086
0.00276536
0.00191948
0.00293968
0.00285492
0.00233056
0.00286186
0.00211683
0.00297893
0.00218258
0.00265855
0.00198236
0.0017907
0.00167421
0.000264449
0.000235768
0.000325523
0.00195414
0.000213514
0.000357048
0.00126628
0.000215062
0.000352001
0.000452819
0.000158815
0.000242698
0.000218694
0.00239536
0.00315854
0.00308519
0.00248877
0.0032329
0.00187256
0.00295943
0.00145245
0.00197433
0.00244517
6.8926e-005
7.38607e-005
0.000211159
7.37598e-005
0.000236968
0.000174857
7.32326e-005
7.47014e-005
0.000212614
0.000300912
8.01042e-005
9.19917e-005
7.70232e-005
0.00230505
0.000296218
0.000814377
0.000152545
8.77999e-005
7.75833e-005
9.05782e-005
7.72744e-005
0.000397841
0.00372987
0.00250317
0.00168942
0.00174744
0.000847976
7.75563e-005
0.000236516
7.65667e-005
0.000362115
8.20968e-005
7.24861e-005
7.06848e-005
0.000346148
8.48229e-005
9.51178e-005
8.14055e-005
0.000372949
0.00158803
9.01262e-005
0.000113687
6.05295e-005
6.83416e-005
0.000705597
0.000142069
8.18594e-005
0.00022548
0.0022025
0.00203586
0.00230846
0.00196174
0.000228982
0.000117202
0.00029092
0.000957075
0.00194002
0.00266589
0.000160359
0.00223753
0.00543566
0.00410098
0.00555166
0.00484514
0.00316133
0.00569008
0.00574363
0.00542234
0.00553081
0.00621348
0.00530868
0.00294658
0.00498166
0.00295784
0.00372313
0.00498478
0.00436916
0.00630191
0.00391906
0.00449372
0.00608704
0.00412345
0.00345483
0.00531421
0.00345267
0.00391803
0.00359255
0.00473935
0.00540045
0.00333363
0.0043605
0.0039833
0.00222596
0.000345732
0.000547102
0.000416944
0.00462773
0.000647785
0.000544351
0.00269208
0.000559632
0.000785195
0.00102097
0.00032904
0.000581602
0.000291102
0.00697451
0.00710134
0.00686442
0.00491161
0.0068881
0.00307438
0.0068969
0.00344095
0.00505459
0.00439604
0.000127153
0.000174523
0.000308339
0.000180346
0.000433636
0.000389731
0.000173195
0.000180905
0.000273155
0.000417852
0.000169682
0.000199469
0.000172403
0.00305568
0.000398642
0.00105676
0.000253895
0.00018311
0.000179065
0.000203164
0.000180866
0.000507333
0.00568204
0.00455981
0.00249893
0.00235413
0.00211283
0.000198069
0.00049491
0.000196361
0.000826233
0.000217828
0.000159676
0.000173587
0.000530773
0.000211278
0.000223036
0.000202699
0.00079356
0.00320748
0.000236126
0.00030138
0.000137791
0.000163091
0.00164413
0.000346833
0.000141554
0.000574482
0.00489556
0.00483329
0.00413247
0.00297061
0.000439076
0.000227109
0.000656516
0.00282122
0.00352505
0.00436163
0.000226983
0.00540516
0.0026661
0.00357969
0.00324958
0.00306787
0.00135455
0.0030607
0.00444535
0.00328909
0.00331139
0.00303796
0.00330041
0.00200698
0.00298476
0.00186081
0.00398657
0.00391127
0.0032205
0.00387035
0.0036543
0.00325538
0.00274773
0.00210676
0.00226805
0.00257724
0.00316737
0.0036445
0.0030756
0.00273512
0.00249871
0.00237362
0.00249938
0.00136563
0.00123084
0.000281458
0.000385671
0.000345522
0.00340048
0.000262592
0.00037797
0.00221684
0.000369311
0.000434327
0.000561134
0.00024667
0.000244443
0.000158715
0.00260652
0.00358859
0.00439844
0.00255944
0.0033625
0.00244939
0.00411315
0.00166022
0.00241547
0.00262969
7.50427e-005
0.000114248
0.00022841
0.000115341
0.00028644
0.000295393
0.000115778
0.00011242
0.000224704
0.000356338
0.000112244
0.000133959
0.000111481
0.00263344
0.000312336
0.000861434
0.00017671
0.000113577
0.000111513
0.000135712
0.00011103
0.000421838
0.00319797
0.00260662
0.00153537
0.00163062
0.000703341
0.000109493
0.000282336
0.000111688
0.000482904
0.000110833
8.48801e-005
7.86425e-005
0.000304911
0.000111564
0.000128979
0.000108528
0.000449261
0.00178325
0.000113802
0.000141823
7.81522e-005
7.23859e-005
0.000892347
0.000211533
7.57346e-005
0.000238203
0.00331961
0.00219968
0.00255484
0.00173681
0.000213977
0.000126815
0.000361694
0.00111518
0.00290879
0.00343329
0.000160721
0.00426271
0.00376936
0.00304777
0.0053894
0.00493261
0.00358912
0.00630409
0.00407756
0.0030447
0.00414231
0.00435553
0.00718271
0.00430338
0.00591731
0.00359607
0.00443021
0.00292148
0.00480283
0.00704836
0.00413539
0.00638712
0.00497373
0.00280416
0.00233613
0.00305938
0.00558463
0.00491975
0.0038779
0.00331209
0.00248846
0.00293859
0.00283165
0.00387835
0.00355128
0.00268667
0.00255216
0.00413527
0.0040814
0.00417653
0.00594542
0.00435769
0.00480482
0.00429777
0.00303494
0.00326875
0.00272142
0.00401598
0.00420945
0.00317521
0.00289845
0.00388115
0.00415394
0.0032617
0.00376768
0.0028649
0.00398001
0.0035233
0.00334595
0.00463
0.00610991
0.00462369
0.003403
0.00301669
0.00036983
0.000421784
0.000579482
0.00071609
0.000367954
0.00058025
0.000452977
0.000373553
0.000544267
0.000364156
0.000510965
0.00047403
0.000510296
0.00311544
0.00437052
0.00302797
0.00396434
0.00582582
0.00594298
0.00393298
0.00482221
0.0033687
0.00344606
0.000396382
0.0010889
0.000421994
0.000485118
0.000379175
0.000466681
0.000409938
0.000521739
0.00076924
0.00260271
0.00314405
0.00393688
0.00593946
0.00752413
0.00464688
0.00235752
0.004813
0.00265736
0.00294957
0.00511414
0.00357666
0.00411741
0.00312084
0.00294883
0.00417576
0.00235549
0.00491759
0.00575319
0.00618266
0.0068119
0.00489341
0.00383724
0.0049143
0.00536938
0.00471199
0.00432906
0.00432246
0.00489716
0.00302439
0.00467673
0.00512138
0.00529109
0.00489351
0.004642
0.00692136
0.00552442
0.00444206
0.00435475
0.00278705
0.0046262
0.004382
0.00470945
0.0029889
0.00447634
0.00159136
0.00333326
0.00257753
0.00350874
0.000213714
0.000145125
0.000130742
0.000156836
0.000452477
0.000397372
0.000156786
0.000147093
0.000151968
0.000867226
0.000302851
0.000151125
0.000141912
0.000152887
0.000575252
0.000438091
0.000152577
0.000140721
0.000148177
0.00025306
0.000122056
0.000144251
0.000141954
0.000173433
0.000177218
0.000139934
0.000167121
0.00230486
0.00337156
0.000375517
0.000794291
0.000330303
0.00130015
0.00143485
0.000237563
0.000166735
0.000137831
0.000164858
0.0001678
0.000138236
0.00016236
0.000471538
0.00175541
0.002982
0.000337754
0.00019431
0.000317167
0.000275844
0.00433659
0.000329525
0.000141335
0.000178888
0.00025797
0.000139849
0.000132284
0.000142928
0.000205023
0.000141129
0.000132541
0.000146049
0.000519997
0.000144593
0.000135207
0.000144192
0.000149139
0.000147489
0.000134241
0.000149199
0.000471218
0.000258114
0.000122528
0.000148802
0.000134339
0.000154184
0.000154163
0.000135043
0.000152466
0.000302671
0.000927
0.000387688
0.0016219
0.000171523
0.000178246
0.00278876
0.00511796
0.00410869
0.00391786
0.00391832
0.00440261
0.000282809
0.00142365
0.000542325
0.000401298
0.00337488
0.00278189
0.000155115
0.000716729
0.000366181
0.00705006
0.00381458
0.00458141
0.00517681
0.00446904
0.00486962
0.00320918
0.000305072
0.00533596
0.00209119
0.00254627
0.00608708
0.00498944
0.00399863
0.00632152
0.00431747
0.00491431
0.00566062
0.00600132
0.00372037
0.00397649
0.00416192
0.00607414
0.0035212
0.00561916
0.00506048
0.00439427
0.00530305
0.00470796
0.00483041
0.00482645
0.00422085
0.00485404
0.00423021
0.00640668
0.00439753
0.00256488
0.00292396
0.00296463
0.00300954
0.00377771
0.00354389
0.00359505
0.00345156
0.00446746
0.00429859
0.00387816
0.000395175
0.00416664
0.00341546
0.00402155
0.00241908
0.00467413
0.0032413
0.0027916
0.00561167
0.00391263
0.00547361
0.00342467
0.00332476
0.0045143
0.00332411
0.00401334
0.00313295
0.00518053
0.00292502
0.00429546
0.00354689
0.00375214
0.00351716
0.00387303
0.00400175
0.00303038
0.00354552
0.00350522
0.0040263
0.00359923
0.00331074
0.00248551
0.00448618
0.00380616
0.00372981
0.00442461
0.00352357
0.00102737
0.000776698
0.000432091
0.00338076
0.00199865
0.00154684
0.00322698
0.00221322
0.00407738
0.00388835
0.00342585
0.0036661
0.00395311
0.00427672
0.00355244
0.00308111
0.00544871
0.00559248
0.0038544
0.00559318
0.00319513
0.00333105
0.00416299
0.00339521
0.00521116
0.00505728
0.00668016
0.00560971
0.00519867
0.00370763
0.00736696
0.00779722
0.00650526
0.0048758
0.00512994
0.00448531
0.00323697
0.00391594
0.00470263
0.00317525
0.00345893
0.00234869
0.00276106
0.00361984
0.00264133
0.00278693
0.0030638
0.00349925
0.00247978
0.00587129
0.00417298
0.00621236
0.00601223
0.00494191
0.00369518
0.00318419
0.0035064
0.00420228
0.00277821
0.00445547
0.00449986
0.00489952
0.00286974
0.00468142
0.00536086
0.0041738
0.00394225
0.00417805
0.00429499
0.00320412
0.00510508
0.00359583
0.0064746
0.00611991
0.00279411
0.00313627
0.000485772
0.000377326
0.000717213
0.000623705
0.000508246
0.000384697
0.000403412
0.000552705
0.0003807
0.000402472
0.000383203
0.00054171
0.000478375
0.00521362
0.00669254
0.00500413
0.00422497
0.00454533
0.00660687
0.0048259
0.00386049
0.00319117
0.00429819
0.000795555
0.000540879
0.000446203
0.000422972
0.000487472
0.000418274
0.000429333
0.000389421
0.000277756
0.00397397
0.00475301
0.00560993
0.00712939
0.00776414
0.00404282
0.00417711
0.00529903
0.00233297
0.00262371
0.00280205
0.00367887
0.00333274
0.00301034
0.00306045
0.00362413
0.00223094
0.00592572
0.00493833
0.00666148
0.00722599
0.00405999
0.00445195
0.00488354
0.00679083
0.00452517
0.00352256
0.00437536
0.00384634
0.00407464
0.00594211
0.00703625
0.00502202
0.00488177
0.00676219
0.00564034
0.00517152
0.00476577
0.00366114
0.00298935
0.00338499
0.00504138
0.00497853
0.00253638
0.00188648
0.0103943
0.00216909
0.00266858
0.00382537
0.000276728
0.000144195
0.000149857
0.000141793
0.000409767
0.000448173
0.00014268
0.00014931
0.000148437
0.000585004
0.000354765
0.000146846
0.000151696
0.00014978
0.000347901
0.000465173
0.000147288
0.000154839
0.000134441
0.000378772
0.000145299
0.000147053
0.000153108
0.000148959
0.000147474
0.000152228
0.000152124
0.00277985
0.00324476
0.000407025
0.00129996
0.000168779
0.000566793
0.0106879
0.000417166
0.000148272
0.000159563
0.000153855
0.000149899
0.000137397
0.000147926
0.000670108
0.00287332
0.00328955
0.00016633
0.000128534
0.000271401
0.000316133
0.00408422
0.000536704
0.000133145
0.000179936
0.000538975
0.000135232
0.000139023
0.00013429
0.000411475
0.000137904
0.00014215
0.000135645
0.000358558
0.000136658
0.000142445
0.000136891
0.000146081
0.000150146
0.000138209
0.000144369
0.00116753
0.000364205
0.000146062
0.000148131
0.000144066
0.000145542
0.000146391
0.000138987
0.000145205
0.00066388
0.00230825
0.000177222
0.00176635
0.000234028
0.000156018
0.0040822
0.00559377
0.00469498
0.00442442
0.0050568
0.00619655
0.000311473
0.00154198
0.000507956
0.000392326
0.00277594
0.00236771
0.000174188
0.000587082
0.00027352
0.00511123
0.00337737
0.00347157
0.00358367
0.00328707
0.00415634
0.00379829
0.000306518
0.00327105
0.00313231
0.00309379
0.00525257
0.00403029
0.00404156
0.00573217
0.0045431
0.00391015
0.00436373
0.00432174
0.00412664
0.00327142
0.00329023
0.00450244
0.00312627
0.00461098
0.00409874
0.00347843
0.00436695
0.00397584
0.00444021
0.00386843
0.00321228
0.00332117
0.0033688
0.00413728
0.0030052
0.0041131
0.00346494
0.00328475
0.00368406
0.00342729
0.00372531
0.00338955
0.00237353
0.0038446
0.00442166
0.00326808
0.000365564
0.00365014
0.00373903
0.00359277
0.00344349
0.00434487
0.00437065
0.00423919
0.00549542
0.00620878
0.00626286
0.00480563
0.00433693
0.00595169
0.00497056
0.00544652
0.00402501
0.00601067
0.00331579
0.00584091
0.00598782
0.00592164
0.00490829
0.00508532
0.00479374
0.00421937
0.00472401
0.0031251
0.00320194
0.00361985
0.00299951
0.00422111
0.00332587
0.0032131
0.00356822
0.00313655
0.00334076
0.00122646
0.000845461
0.000458078
0.00412935
0.00347085
0.00191235
0.0033166
0.00241963
0.00349793
0.00392678
0.00371143
0.00328734
0.00422957
0.00450565
