1.52932e-033
3.08746e-032
1.32156e-033
1.05051e-032
1.04945e-032
6.08833e-033
6.04572e-033
6.08707e-033
6.94959e-033
7.90818e-033
6.78616e-033
5.68131e-033
8.51584e-033
6.7877e-033
7.91652e-033
7.07106e-033
5.62913e-033
5.87794e-033
6.03932e-033
6.03811e-033
5.8867e-033
5.62586e-033
9.60013e-033
8.58519e-033
7.39185e-033
9.20114e-033
5.98393e-033
8.63673e-033
6.32367e-033
6.25825e-033
9.20533e-033
7.40565e-033
8.56285e-033
9.64036e-033
0.2526
0.304052
0.165171
0.0808567
0.0279397
0.0102559
0.275533
0.203478
0.149909
0.151408
0.215603
0.215997
0.178833
0.0926452
0.0947676
0.0692862
0.0322252
0.00702637
0.304594
0.193532
0.138516
0.201028
0.217325
0.113123
0.135413
0.0722747
0.255669
0.117508
0.0464885
0.0411887
0.085622
0.202381
0.124068
0.0412301
0.116918
0.0497708
0.296469
0.204803
0.303112
0.173386
0.27551
0.134074
0.117919
0.081504
0.201097
0.193203
0.145502
0.131181
0.250888
0.194423
0.146454
0.135659
0.0819084
0.075183
0.0818158
0.114863
0.251808
0.0492407
0.0989731
0.0195959
0.0486534
0.0770578
0.286837
0.314814
0.243176
0.324287
0.223744
0.139837
0.122218
0.118619
0.108082
0.278364
0.234325
0.291057
0.144558
0.143775
0.202338
0.16945
0.248208
0.226084
0.305218
0.21803
0.262056
8.68553e-033
8.08286e-033
8.06064e-033
1.08403e-032
5.78592e-033
5.97001e-033
6.0857e-033
6.10699e-033
5.98319e-033
5.77163e-033
1.09066e-032
1.00391e-032
9.09356e-033
9.13714e-033
1.01025e-032
0.0541582
0.0693044
0.0618205
0.0657762
0.0622687
0.0615754
0.143386
0.0987277
0.263953
0.305537
0.0944181
0.0954022
0.0737184
0.0711013
0.0672776
0.0622353
0.0796896
0.0782147
0.0915176
0.0633344
0.0791094
0.0787256
0.0722283
0.0753545
0.0541602
0.0512651
0.2606
0.167152
0.280802
0.221895
0.322606
0.220597
0.0642051
0.0662923
0.0632717
0.0631033
0.0567488
0.0584493
0.0807526
0.171121
0.157946
0.221759
0.271271
0.178259
0.233276
1.0501e-032
8.67438e-033
1.04188e-032
8.00673e-033
6.7414e-033
1.06782e-032
7.75922e-033
1.05979e-032
6.70717e-033
8.00706e-033
6.64199e-033
7.99233e-033
1.06791e-032
5.70553e-033
5.93146e-033
6.06108e-033
6.09283e-033
6.00765e-033
5.85726e-033
1.10762e-032
1.02869e-032
9.86254e-033
9.93705e-033
1.07048e-032
6.676e-033
1.10283e-032
5.84098e-033
6.00803e-033
6.09948e-033
6.07843e-033
5.93243e-033
5.68595e-033
1.07277e-032
9.84058e-033
1.03323e-032
0.0413578
0.035294
0.163316
0.0412876
0.031995
0.284114
0.236777
0.245547
0.0264859
0.026408
0.0438487
0.0484506
0.0280437
0.0246545
0.310883
0.280927
0.0415585
0.0462652
0.225734
0.181695
0.122005
0.281327
0.260864
0.206942
0.161048
0.228725
0.20016
0.0496585
0.0383581
0.041666
0.0454418
0.286459
0.0216158
0.0280651
0.0430939
0.0392392
0.290057
0.298035
0.306226
0.318801
0.321282
0.298466
0.270312
0.291503
0.303775
0.312853
0.0293563
0.0380347
0.0332967
0.0345714
0.0338081
0.0320451
0.0321369
0.0315633
0.0319639
0.0633631
0.0943675
0.178562
0.0676919
0.0459137
0.154154
0.0538191
0.117196
0.0492721
0.0495563
0.0498814
0.0496965
0.0383879
0.0381547
0.0367887
0.0370341
0.0416289
0.0415579
0.0402176
0.0405829
0.0603577
0.0440331
0.030358
0.0358517
0.0743883
0.0409109
0.0411287
0.0408142
0.0410521
0.0802935
0.0371134
0.0379306
0.0394402
0.0385688
0.0279579
0.0275308
0.0261052
0.02684
0.0535322
0.109159
0.151492
0.186123
0.196333
0.0328665
0.0335652
0.034267
0.0340637
0.0665406
0.0323816
0.032633
0.0324914
0.0326186
0.0643221
0.0288503
0.0294525
0.0300833
0.0298651
0.0583771
0.104192
0.123222
0.160047
0.139922
0.203595
8.40752e-033
8.19012e-033
7.74343e-033
7.68401e-033
9.31911e-033
8.80905e-033
8.85733e-033
9.46114e-033
9.91624e-033
5.98232e-033
8.32036e-033
7.10037e-033
6.36453e-033
7.69821e-033
6.12691e-033
6.93103e-033
6.05131e-033
6.09385e-033
6.01482e-033
9.13836e-033
7.29677e-033
5.99005e-033
6.09852e-033
6.08828e-033
5.97193e-033
7.66101e-033
7.69417e-033
6.41469e-033
7.12361e-033
8.3109e-033
7.29633e-033
9.07055e-033
6.07713e-033
6.09673e-033
6.00327e-033
6.94081e-033
6.17209e-033
6.03188e-033
6.09329e-033
6.07014e-033
0.0817566
0.0214786
0.0145026
0.0545351
0.249077
0.109086
0.148264
0.149512
0.102909
0.110051
0.140909
0.150051
0.0207574
0.0620543
0.0410761
0.118994
0.0802007
0.117519
0.230263
0.177982
0.194663
0.164346
0.0159168
0.0223089
0.036439
0.0656871
0.169865
0.232299
0.190555
0.201801
0.268706
0.252459
0.17504
0.165898
0.163096
0.129681
0.228412
0.182334
0.180629
0.168213
0.207762
0.184919
0.174598
0.134717
0.226581
0.186321
0.134655
0.162073
0.179696
0.12154
0.0490882
0.060154
0.11961
0.0862103
0.238688
0.225269
0.204834
0.254878
0.141473
0.111546
0.272355
0.297939
0.300345
0.31689
0.32276
0.246038
0.186251
0.216426
0.257977
0.173881
0.151716
0.132224
0.162113
0.150068
0.135187
0.153142
0.129277
0.247343
0.256164
0.258472
0.274206
0.15024
0.18969
0.2349
0.201455
0.273055
0.313156
0.318377
0.220258
0.249909
0.180751
0.271547
0.234133
0.222881
0.257288
0.0260254
0.0315857
0.0323371
0.135691
0.110653
0.10369
0.0993059
0.0351476
0.034262
0.0318813
0.0330838
0.284499
0.27698
0.242422
0.315724
0.321788
0.325287
0.0418413
0.02233
0.0219204
0.0195773
0.0123628
0.0146506
0.0221198
0.0230357
0.0255745
0.0246226
0.0210275
0.0222997
0.0245296
0.0234285
0.027149
0.023819
0.0185655
0.0208755
0.0431081
0.0210809
0.0220048
0.0235855
0.0229111
0.0441577
0.0147613
0.0130706
0.0246778
0.0224461
0.02171
0.0198348
0.020769
0.0417288
0.272594
0.290811
0.308927
0.297787
0.0134086
0.0151558
0.0197123
0.0179656
0.0170539
0.016262
0.0162788
0.0162888
0.0162996
0.032327
0.0322995
0.0607319
0.12123
0.0445184
0.0313014
0.106032
0.0358035
0.0217043
0.0233616
0.0280303
0.0254867
0.025347
0.0254339
0.0253639
0.0253058
0.0390369
0.0290519
0.0213984
0.024394
0.0504128
0.0148917
0.0160158
0.0192245
0.0174561
0.0395415
0.0327203
0.0207714
0.0208503
0.0209106
0.0208328
0.0206682
0.0207962
0.0208931
0.020792
0.041283
0.0702572
0.0988576
0.124734
0.13097
0.0163892
0.0164794
0.0165529
0.0165408
0.0327893
0.0164757
0.0165071
0.0165533
0.016536
0.0328423
0.0327788
0.0670905
0.0809684
0.104852
0.0944095
0.13602
4.60155e-033
9.19132e-033
5.73493e-033
3.82709e-033
9.2617e-033
9.22096e-033
5.70417e-033
8.3823e-033
9.84083e-033
1.05993e-032
5.66409e-033
5.90248e-033
5.87989e-033
8.3651e-033
1.03844e-032
9.74852e-033
9.27998e-033
1.09269e-032
5.81977e-033
5.96494e-033
5.70841e-033
1.08265e-032
9.92145e-033
1.02287e-032
9.09531e-033
9.97996e-033
6.80328e-033
5.75206e-033
1.07644e-032
5.75061e-033
5.95414e-033
5.82999e-033
1.0999e-032
1.01909e-032
9.98635e-033
1.05975e-032
8.36379e-033
5.8603e-033
5.90508e-033
5.6649e-033
1.06171e-032
9.75647e-033
1.0416e-032
7.22758e-033
9.42485e-033
8.69641e-033
9.00194e-033
9.32614e-033
1.06084e-032
8.45155e-033
7.5502e-033
8.81089e-033
8.56376e-033
7.67311e-033
8.13714e-033
7.85239e-033
8.16767e-033
9.77035e-033
5.97071e-033
6.73332e-033
8.50719e-033
8.17163e-033
9.21369e-033
8.93757e-033
8.71817e-033
9.58457e-033
9.29302e-033
8.1737e-033
7.85474e-033
6.00497e-033
9.82612e-033
6.98582e-033
7.54459e-033
8.43496e-033
7.6685e-033
8.54777e-033
8.87629e-033
0.015318
0.0185516
0.0123884
0.00232985
0.00702522
0.0049429
0.0159415
0.105625
0.0808178
0.02182
0.0386157
0.068595
0.144136
0.110197
0.112711
0.0724615
0.0498803
0.132256
0.0915968
0.110416
0.0658841
0.18155
0.202881
0.168101
0.229008
0.0868993
0.0863699
0.0629107
0.098788
0.0976064
0.0962645
0.0737773
0.0774667
0.119346
0.00885254
0.0126899
0.0255227
0.109964
0.0986184
0.0821884
0.279646
0.31444
0.15409
0.11619
0.142607
0.135121
0.113515
0.166757
0.124022
0.249157
0.295527
0.119278
0.133998
0.13522
0.169251
0.11082
0.205197
0.227876
0.187603
0.154531
0.146547
0.184601
0.259021
0.302052
0.281492
0.286617
0.0835673
0.0522461
0.093902
0.0967209
0.287156
0.236246
0.305265
0.304572
0.28044
0.105183
0.0920839
0.0943256
0.0906672
0.0714723
0.097431
0.0669221
0.10473
0.0877072
0.107152
0.236825
0.209687
0.263808
0.272734
0.294644
0.231815
0.245149
0.254621
0.315664
0.315871
0.0815278
0.114704
0.0884672
0.13893
0.126057
0.196725
0.219086
0.180188
0.25456
0.223797
0.288777
0.258741
0.276757
0.250372
0.202724
0.202371
0.237909
0.229709
0.199537
0.254712
0.0236928
0.0208462
0.0178048
0.0192091
0.137444
0.0148184
0.0167609
0.221734
0.248186
0.216152
0.24668
0.232899
0.262255
0.0139234
0.012903
0.0147327
0.0140181
0.0121964
0.0131657
0.0270031
0.209552
0.232453
0.126487
0.0958938
0.151106
0.227093
0.138813
0.179798
0.153262
0.184159
0.0100803
0.0114821
0.322399
0.313931
0.322628
0.317506
0.306667
0.320308
0.303018
0.309892
0.0186451
0.0163413
0.0172251
0.0176124
0.0159797
0.0160734
0.0162463
0.0161708
0.0319853
0.0781949
0.0249989
0.0250878
0.0252312
0.0252727
0.0195608
0.0195217
0.019282
0.0193714
0.0185758
0.0186846
0.0189169
0.018853
0.0211452
0.0211887
0.0210493
0.0210805
0.020368
0.0205264
0.0206945
0.0205608
0.0187726
0.0189974
0.0193861
0.0191723
0.0200561
0.0199125
0.0195122
0.019732
0.0142176
0.0141404
0.013872
0.0140307
0.0280128
0.013162
0.0133436
0.0137011
0.0135279
0.0273516
0.026648
0.22105
0.209549
0.016621
0.0167911
0.0171137
0.0169661
0.0334098
0.0174179
0.0173834
0.0172385
0.0173292
0.0340299
0.0344048
0.0145473
0.0147251
0.0149859
0.014874
0.0294005
0.015271
0.0152438
0.0150869
0.0151869
0.0298325
0.0302479
0.0114439
0.0099324
0.012752
0.015933
0.0161717
0.016567
0.0163427
0.0179994
0.0177648
0.0172937
0.0175628
0.0160999
0.0164116
0.0170125
0.0167061
0.0211795
0.0115123
0.01106
0.00766002
0.00713693
0.0140098
0.0130614
0.0128886
0.012542
0.0123574
0.0141888
0.0132698
0.0116168
0.0124135
0.0253337
0.010859
0.0102169
0.0221154
0.0195758
0.0105933
0.0108223
0.0112787
0.0110536
0.0216733
0.0120289
0.0118898
0.0115027
0.0117182
0.0225853
0.0234757
0.0114668
0.0113042
0.0108916
0.0111178
0.0222946
0.00995966
0.0101925
0.0106563
0.0104289
0.0213535
0.0204284
0.00644749
0.00682072
0.00771788
0.0072889
0.0144125
0.0100526
0.00944026
0.00921859
0.00902271
0.00854178
0.00877812
0.0176663
0.0385981
0.0789982
0.0285654
0.0208761
0.0694694
0.0234669
0.015096
0.0159104
0.018447
0.0171732
0.0141924
0.0135776
0.0123747
0.0128753
0.0248587
0.0188432
0.0141069
0.0158949
0.0327539
0.0104961
0.0111243
0.0128486
0.011914
0.026233
0.0226202
0.00993001
0.00944477
0.0201529
0.0182213
0.0444966
0.0633271
0.0807774
0.0846474
0.0427189
0.0521506
0.0671004
0.0611485
0.0876285
4.5012e-033
9.29166e-033
6.76741e-033
6.99838e-033
6.37116e-033
7.28111e-033
6.21402e-033
5.91151e-033
6.04734e-033
6.0921e-033
6.02165e-033
5.98464e-033
6.09309e-033
6.09737e-033
8.36326e-033
6.58223e-033
6.91925e-033
6.95315e-033
6.07029e-033
6.09182e-033
6.00778e-033
6.42399e-033
6.02575e-033
6.09811e-033
6.07929e-033
9.21173e-033
8.43658e-033
6.88961e-033
6.51839e-033
6.37072e-033
6.05711e-033
6.09699e-033
6.01165e-033
5.99644e-033
6.10201e-033
6.08e-033
6.34214e-033
7.22005e-033
6.23886e-033
7.29866e-033
6.08314e-033
6.10175e-033
5.99612e-033
5.93483e-033
6.0357e-033
6.08871e-033
6.05873e-033
8.09172e-033
5.86071e-033
8.78144e-033
9.51014e-033
1.05562e-032
5.64493e-033
5.8931e-033
5.88497e-033
5.60713e-033
1.0431e-032
9.6902e-033
9.01473e-033
1.08774e-032
5.80491e-033
5.97715e-033
5.72758e-033
1.0867e-032
9.96614e-033
1.0166e-032
9.73296e-033
1.03395e-032
8.28185e-033
1.072e-032
5.73003e-033
5.94872e-033
5.84268e-033
1.10406e-032
1.02412e-032
9.92493e-033
1.02844e-032
1.10669e-032
5.85193e-033
5.91933e-033
5.67947e-033
1.06741e-032
9.79756e-033
1.03761e-032
9.48747e-033
9.03408e-033
9.24659e-033
1.09824e-032
1.10757e-032
1.01661e-032
8.41431e-033
9.27055e-033
9.52848e-033
9.58969e-033
6.41836e-033
9.45773e-033
8.80155e-033
7.71122e-033
8.01826e-033
9.85374e-033
8.26429e-033
1.01747e-032
1.06431e-032
5.68506e-033
5.90978e-033
5.87419e-033
1.1108e-032
1.0346e-032
9.80442e-033
9.5596e-033
1.09803e-032
5.83238e-033
5.95049e-033
5.69393e-033
1.07795e-032
9.88834e-033
1.02841e-032
9.60165e-033
5.93319e-033
1.08083e-032
5.76969e-033
5.959e-033
5.81192e-033
1.09518e-032
1.01346e-032
1.00439e-032
8.19006e-033
5.61489e-033
5.86975e-033
5.89384e-033
5.64825e-033
1.05554e-032
9.70275e-033
1.04548e-032
9.36963e-033
9.38276e-033
1.02556e-032
7.72581e-033
9.43152e-033
6.39381e-033
8.88923e-033
9.15456e-033
8.96722e-033
9.6236e-033
5.66114e-033
1.02257e-032
1.11679e-032
0.0198521
0.0017343
0.00545716
0.0558754
0.180467
0.176406
0.0776126
0.101193
0.132106
0.128524
0.0149867
0.0277096
0.04082
0.0599175
0.208662
0.219445
0.199653
0.169866
0.226765
0.274708
0.292372
0.199674
0.228231
0.090388
0.0738997
0.0903702
0.0898312
0.136442
0.108775
0.0998025
0.114331
0.0714323
0.113068
0.0948885
0.0796766
0.11376
0.113728
0.100459
0.0996799
0.113482
0.071124
0.0999534
0.212454
0.214276
0.223583
0.182388
0.093745
0.0704737
0.0916212
0.0801691
0.187183
0.1566
0.197801
0.154101
0.168574
0.0566544
0.063645
0.0523158
0.189142
0.0580683
0.0596805
0.0514208
0.295346
0.270695
0.252837
0.0470783
0.0351475
0.0311081
0.0649888
0.0432171
0.309276
0.30835
0.279217
0.2522
0.279105
0.300701
0.240876
0.200174
0.171701
0.293829
0.26705
0.284865
0.260016
0.257433
0.273535
0.272253
0.211141
0.18683
0.243189
0.212495
0.182439
0.198901
0.214749
0.0594333
0.0403197
0.297188
0.270182
0.271049
0.29116
0.284818
0.284709
0.287716
0.307234
0.290842
0.295366
0.311875
0.298855
0.3044
0.312422
0.316698
0.303014
0.290251
0.292076
0.305082
0.263649
0.274974
0.27883
0.285323
0.297433
0.284977
0.30319
0.297062
0.30571
0.298768
0.295885
0.312852
0.192561
0.20014
0.180532
0.163453
0.067796
0.104895
0.0820018
0.0603956
0.133339
0.140661
0.135043
0.11721
0.147698
0.16049
0.13218
0.0770065
0.0604991
0.0121949
0.0282285
0.0103588
0.00683227
0.0130935
0.0232237
0.00824284
0.2632
0.233944
0.266547
0.122964
0.11305
0.150838
0.143446
0.1318
0.119254
0.10771
0.129995
0.0905519
0.0989144
0.11383
0.130817
0.111873
0.0104492
0.128282
0.216848
0.234112
0.18767
0.19941
0.215199
0.173427
0.184305
0.172874
0.00679813
0.0248402
0.0275306
0.00812386
0.032488
0.0265434
0.255789
0.204606
0.242412
0.210861
0.189036
0.227425
0.217753
0.236441
0.26589
0.267403
0.156051
0.188996
0.150301
0.185169
0.132898
0.167651
0.193603
0.19216
0.184753
0.176758
0.176091
0.206412
0.19409
0.126553
0.107901
0.15351
0.167173
0.126262
0.107428
0.153397
0.171565
0.191465
0.19916
0.102701
0.132002
0.115648
0.0377475
0.253678
0.271469
0.289375
0.308969
0.304064
0.29142
0.317578
0.312323
0.236867
0.204833
0.185319
0.209629
0.221063
0.224157
0.199459
0.203279
0.241315
0.196265
0.188425
0.164124
0.127858
0.104416
0.153802
0.162842
0.135433
0.123731
0.169888
0.141567
0.127486
0.108045
0.119138
0.104604
0.142733
0.264115
0.283531
0.28189
0.148018
0.208351
0.168196
0.204728
0.188362
0.169722
0.202808
0.174783
0.225794
0.219493
0.285954
0.261378
0.255258
0.274233
0.290075
0.253044
0.249129
0.231012
0.278612
0.253294
0.0112357
0.0106663
0.00939053
0.00995308
0.00600587
0.00655427
0.0110863
0.0113083
0.0118413
0.0116414
0.0123395
0.0125564
0.0105379
0.0108429
0.0114617
0.0111873
0.0117621
0.0119751
0.00908295
0.00962104
0.00758965
0.00714795
0.00630559
0.00671763
0.0139589
0.0122875
0.00819345
0.0081921
0.00819862
0.00819646
0.0163269
0.00819542
0.00820563
0.00820441
0.00820824
0.0163371
0.0163596
0.0163184
0.050753
0.01052
0.0109235
0.0117927
0.0113913
0.0127762
0.012812
0.0128252
0.0128112
0.0127932
0.012781
0.0127753
0.0127925
0.00735154
0.00760945
0.00821557
0.0079014
0.015373
0.00858908
0.00898809
0.0166214
0.0104594
0.0104846
0.0105119
0.0104883
0.0105374
0.0105172
0.0104901
0.0105152
0.0103934
0.0104365
0.0104854
0.0104556
0.0105332
0.0105064
0.0209409
0.0104682
0.0104971
0.00824562
0.00826709
0.00830581
0.00828996
0.0164951
0.00833319
0.00833601
0.00832216
0.00833229
0.0165636
0.0166127
0.00829458
0.00830216
0.00831481
0.00830971
0.0165507
0.00833426
0.00833492
0.0165997
0.00832166
0.00833094
0.0165683
0.0166085
0.0221843
0.0159879
0.01045
0.00901656
0.00724051
0.0208638
0.00692539
0.00598946
0.0108324
0.0104193
0.00893389
0.00926924
0.00999845
0.00964545
0.00860883
0.00813194
0.00714044
0.00691585
0.00756045
0.00737485
0.00699448
0.00718974
0.01451
0.00605388
0.00631554
0.00678785
0.00655866
0.0137137
0.0127857
0.00591574
0.00554219
0.010779
0.00918162
0.00806483
0.00827157
0.00878011
0.0085429
0.00888877
0.00804026
0.00806057
0.00810529
0.00808391
0.0160824
0.00818501
0.00817323
0.00812971
0.00815456
0.0161678
0.0162729
0.0125911
0.0126364
0.012668
0.0126389
0.0127393
0.0127529
0.012741
0.0127353
0.00986962
0.00985947
0.00982055
0.00983072
0.00967326
0.00971021
0.00976745
0.0097556
0.00931123
0.00935714
0.00942662
0.00941107
0.00956527
0.00953948
0.00948805
0.00950022
0.0106518
0.0106717
0.0106735
0.0106638
0.0105765
0.0105973
0.0106258
0.0106303
0.0102434
0.010293
0.0103584
0.0103207
0.0104558
0.0104115
0.010353
0.01039
0.00943323
0.00949312
0.00959896
0.00954358
0.00978804
0.00973817
0.00963696
0.00969234
0.0101129
0.0100985
0.0100011
0.0100356
0.00981238
0.00986417
0.00996625
0.00991104
0.00717315
0.0071521
0.00710826
0.00713257
0.0142324
0.00696397
0.00700898
0.00708092
0.0070484
0.0141368
0.0140085
0.00660697
0.00665506
0.00674405
0.0067011
0.0132997
0.00692128
0.00688143
0.0138241
0.00679066
0.00683792
0.013472
0.0136661
0.00835733
0.00839823
0.00848101
0.00844147
0.0167569
0.00863616
0.0086056
0.00852574
0.00856832
0.0169171
0.0170981
0.00878095
0.00877159
0.00874928
0.00876252
0.0174575
0.00866774
0.00869741
0.0172196
0.00873558
0.00872018
0.0174032
0.0173452
0.00730431
0.00735229
0.00743599
0.00739671
0.0146905
0.00755904
0.00753588
0.00747316
0.00750781
0.014848
0.0149889
0.00769507
0.0076863
0.00767001
0.00768165
0.0153157
0.00758377
0.007613
0.0150771
0.00765639
0.00763749
0.0152682
0.0151968
0.00839173
0.00832487
0.00826678
0.00911597
0.00904473
0.00892898
0.00898974
0.00868548
0.00875612
0.00888229
0.00881955
0.00861795
0.00854695
0.00846587
0.0106318
0.00584299
0.00575098
0.00549317
0.00562734
0.0114717
0.0039201
0.00379686
0.00754235
0.00664973
0.00645047
0.00638947
0.00618291
0.00725272
0.00700311
0.00654603
0.00676871
0.013693
0.00632741
0.00612388
0.012794
0.0119972
0.00508181
0.00491639
0.00462581
0.00476413
0.0097687
0.00466367
0.00462368
0.00451866
0.00457233
0.00916837
0.00426584
0.00433893
0.00445042
0.00440012
0.00892484
0.00870857
0.0240491
0.0505462
0.0179578
0.0134589
0.0445977
0.0149803
0.0100028
0.0105634
0.012048
0.0113012
0.00802933
0.00781325
0.00934888
0.0090048
0.00836057
0.00864901
0.0156182
0.0120027
0.00914363
0.010228
0.0210433
0.00692344
0.00730054
0.008347
0.00777801
0.0170288
0.0148483
0.00659369
0.00633203
0.0133619
0.00586846
0.00609145
0.0114567
0.0123316
0.0277369
0.0400624
0.0515382
0.053972
0.0268367
0.0331707
0.0425454
0.0391879
0.0558981
5.24159e-033
7.69842e-033
8.5872e-033
7.15631e-033
7.0314e-033
8.63765e-033
8.51653e-033
7.47521e-033
8.31709e-033
7.86378e-033
8.39242e-033
7.92809e-033
8.08747e-033
6.18305e-033
8.13005e-033
7.95161e-033
8.8928e-033
8.7799e-033
8.24994e-033
7.77657e-033
7.14039e-033
7.61811e-033
8.37485e-033
7.47476e-033
7.59319e-033
4.26285e-033
8.00562e-033
8.49658e-033
6.46972e-033
7.44431e-033
8.75063e-033
8.95205e-033
8.38736e-033
7.62341e-033
8.82013e-033
7.49612e-033
7.88828e-033
7.77388e-033
8.24231e-033
7.28146e-033
8.42135e-033
8.6559e-033
8.9734e-033
8.0908e-033
7.93047e-033
6.84051e-033
7.46749e-033
8.49403e-033
7.86522e-033
8.31707e-033
7.34778e-033
6.64983e-033
6.56167e-033
7.34358e-033
6.14924e-033
5.80821e-033
6.04479e-033
6.09009e-033
6.02702e-033
5.98103e-033
6.08881e-033
6.10268e-033
6.66002e-033
6.83443e-033
6.7955e-033
6.06533e-033
6.08921e-033
6.00789e-033
6.54851e-033
6.02079e-033
6.09841e-033
6.08255e-033
5.79218e-033
6.96416e-033
6.45074e-033
6.24669e-033
6.05431e-033
6.09451e-033
6.01339e-033
5.9951e-033
6.10058e-033
6.08555e-033
6.15702e-033
7.42554e-033
6.32314e-033
7.2192e-033
6.08037e-033
6.09806e-033
6.00039e-033
6.05719e-033
6.03644e-033
6.09055e-033
6.06651e-033
5.84493e-033
5.94459e-033
5.63564e-033
5.88513e-033
5.88561e-033
5.61537e-033
5.79554e-033
5.97878e-033
5.74475e-033
5.71798e-033
5.94446e-033
5.84721e-033
5.84639e-033
5.92547e-033
5.68571e-033
1.35532e-032
6.65509e-033
7.29447e-033
5.62069e-033
5.67481e-033
5.90487e-033
5.87676e-033
5.82657e-033
5.95815e-033
5.70216e-033
5.84823e-033
5.76062e-033
5.95821e-033
5.82093e-033
5.60288e-033
5.86486e-033
5.89902e-033
5.65825e-033
8.21342e-033
6.1723e-033
5.83427e-033
9.78549e-033
5.12157e-033
6.18634e-033
7.35591e-033
6.19411e-033
7.20034e-033
6.27594e-033
6.01447e-033
6.04922e-033
6.09487e-033
6.01748e-033
5.9871e-033
6.09631e-033
6.09166e-033
5.7833e-033
6.50264e-033
6.99828e-033
7.11124e-033
6.0741e-033
6.09596e-033
6.00593e-033
6.30661e-033
6.02949e-033
6.09629e-033
6.07445e-033
6.81502e-033
6.59548e-033
6.49888e-033
6.05887e-033
6.09849e-033
6.00909e-033
6.00001e-033
6.10133e-033
6.07612e-033
6.54453e-033
7.00926e-033
6.15178e-033
7.36213e-033
6.08446e-033
6.10486e-033
5.98797e-033
5.81619e-033
6.03539e-033
6.08675e-033
6.05023e-033
5.78203e-033
5.65405e-033
5.90008e-033
5.88482e-033
5.59639e-033
5.81277e-033
5.97164e-033
5.71339e-033
5.6507e-033
5.74056e-033
5.95079e-033
5.83917e-033
5.85636e-033
5.91231e-033
5.67187e-033
9.76594e-033
5.78562e-033
6.21837e-033
8.21073e-033
5.80876e-033
5.69462e-033
5.91556e-033
5.87006e-033
5.83673e-033
5.94136e-033
5.68718e-033
6.01646e-033
5.77757e-033
5.96171e-033
5.79887e-033
5.56715e-033
5.62297e-033
5.87452e-033
5.88901e-033
5.63775e-033
7.33268e-033
6.64037e-033
5.49154e-033
1.37449e-032
0.00613416
0.0459669
0.029876
0.0666387
0.156862
0.0611004
0.0928284
0.0831525
0.0958746
0.0727997
0.0696727
0.0753602
0.0593003
0.262662
0.294234
0.240927
0.0951327
0.0810874
0.0415257
0.0680175
0.0652668
0.0396658
0.0471598
0.0616476
0.0348118
0.06507
0.0619837
0.0445185
0.158484
0.201481
0.117628
0.14361
0.200694
0.162324
0.237334
0.228431
0.219711
0.0617204
0.0456518
0.0334946
0.0346541
0.0394789
0.0399857
0.0581648
0.0434362
0.324623
0.321719
0.282913
0.317552
0.0423313
0.0478763
0.0543828
0.0495627
0.162407
0.0712165
0.126448
0.165798
0.0774532
0.059749
0.0492512
0.129237
0.1071
0.148896
0.0942353
0.136965
0.0849314
0.0731036
0.0729112
0.0774125
0.0681377
0.140387
0.146706
0.158408
0.165645
0.169873
0.181941
0.175302
0.19075
0.10707
0.113785
0.162916
0.1585
0.133788
0.22405
0.185838
0.181015
0.218908
0.183098
0.0829084
0.0673518
0.0529579
0.0949288
0.0956245
0.152031
0.143703
0.147695
0.134007
0.0309865
0.0212512
0.0717139
0.0519205
0.0596061
0.0376745
0.0422911
0.029748
0.0482851
0.0512618
0.135366
0.102373
0.135947
0.0836213
0.0930338
0.103268
0.13347
0.110936
0.119658
0.098954
0.242151
0.164893
0.160481
0.141762
0.157948
0.0322627
0.0220825
0.0795033
0.0526311
0.0728756
0.059205
0.193808
0.196569
0.182727
0.261561
0.273085
0.190778
0.18011
0.139239
0.18386
0.140947
0.167387
0.17002
0.124526
0.15296
0.14792
0.241042
0.21495
0.230961
0.16702
0.165152
0.180545
0.151633
0.159666
0.159928
0.205736
0.219351
0.218782
0.201437
0.166048
0.178192
0.185248
0.161219
0.140948
0.16054
0.210878
0.20224
0.178629
0.149942
0.131448
0.158227
0.137044
0.0503294
0.0613142
0.0510606
0.0683668
0.0477035
0.0633429
0.0549333
0.136267
0.130501
0.120061
0.0865411
0.084501
0.0674619
0.103439
0.103133
0.228459
0.246041
0.213256
0.210051
0.239165
0.201487
0.226673
0.17663
0.229885
0.195947
0.190367
0.222681
0.216367
0.254207
0.241078
0.241103
0.12073
0.152132
0.115358
0.106146
0.0890571
0.13126
0.126937
0.263099
0.280266
0.30175
0.29298
0.312628
0.319454
0.324326
0.251155
0.238031
0.259919
0.167532
0.273331
0.267304
0.25267
0.163227
0.137486
0.13469
0.156717
0.181885
0.177312
0.170796
0.156833
0.17411
0.131177
0.160431
0.164543
0.137988
0.152533
0.25083
0.241584
0.258283
0.266205
0.245544
0.263403
0.252874
0.238303
0.275426
0.249152
0.25738
0.267196
0.150913
0.169099
0.226133
0.211491
0.247378
0.282739
0.266225
0.314549
0.309811
0.318873
0.309114
0.322115
0.312658
0.321407
0.316576
0.219669
0.237001
0.200686
0.26331
0.242968
0.234632
0.25178
0.253593
0.236483
0.158962
0.200282
0.180728
0.201152
0.21801
0.248506
0.213584
0.199133
0.243485
0.207334
0.229258
0.260055
0.154863
0.115523
0.116548
0.14431
0.11692
0.103183
0.0888883
0.131631
0.124256
0.0874135
0.117814
0.109622
0.0861912
0.114721
0.102283
0.295124
0.27507
0.272882
0.292067
0.28268
0.269652
0.287937
0.267667
0.281271
0.251551
0.232215
0.250905
0.260427
0.310484
0.319475
0.317065
0.318916
0.322923
0.319725
0.322723
0.320467
0.32526
0.32434
0.324025
0.324805
0.324337
0.262797
0.27302
0.289396
0.298811
0.281861
0.282229
0.307626
0.308429
0.303815
0.313241
0.292582
0.302266
0.298826
0.303983
0.0488916
0.0434142
0.125087
0.0867407
0.111825
0.072133
0.0547254
0.149496
0.120126
0.141526
0.0867117
0.0925384
0.0781569
0.0983528
0.109482
0.0880061
0.151957
0.122859
0.119866
0.148478
0.00444228
0.00785575
0.00586765
0.0039474
0.00280063
0.0046886
0.100284
0.109843
0.0819261
0.0778686
0.0643417
0.010649
0.0336159
0.0111089
0.0431204
0.0442921
0.0314468
0.0570974
0.15454
0.145894
0.0578688
0.0544435
0.0701658
0.204394
0.199068
0.216387
0.0815107
0.0908261
0.0809788
0.0766866
0.09915
0.0550081
0.0696749
0.0565473
0.0745212
0.0865565
0.0848138
0.0619443
0.0698382
0.0888452
0.0943895
0.0624288
0.0921448
0.0761498
0.109469
0.141231
0.00402761
0.00503791
0.0128082
0.0801378
0.0643215
0.0960601
0.292799
0.263066
0.306459
0.320541
0.316752
0.149847
0.116777
0.145482
0.131746
0.124988
0.14051
0.126693
0.127966
0.168621
0.156703
0.195582
0.175881
0.269863
0.244495
0.29936
0.311141
0.289166
0.0984689
0.0688432
0.0805868
0.0508336
0.0532919
0.0399348
0.0647588
0.0668657
0.104199
0.0729473
0.0823962
0.112911
0.0821577
0.250551
0.294384
0.303753
0.305002
0.293518
0.263467
0.294411
0.280111
0.294036
0.114254
0.0801322
0.0970482
0.0652226
0.0522865
0.0817745
0.0810556
0.221764
0.250484
0.249706
0.22846
0.236612
0.253913
0.272719
0.272505
0.287901
0.287817
0.280619
0.248834
0.268482
0.309693
0.310901
0.212293
0.178774
0.186803
0.156389
0.201955
0.181014
0.256667
0.224853
0.242645
0.240661
0.296247
0.280467
0.29052
0.284697
0.251116
0.265528
0.269758
0.275614
0.274485
0.28442
0.268132
0.238546
0.261184
0.255243
0.265234
0.190413
0.19979
0.202338
0.240314
0.24881
0.179671
0.201155
0.246563
0.0120133
0.0115759
0.149991
0.150425
0.00707912
0.00755134
0.212845
0.212705
0.209902
0.2201
0.00633851
0.00659303
0.128569
0.111679
0.11027
0.142159
0.166186
0.236361
0.21693
0.228833
0.136448
0.143948
0.147219
0.190281
0.195328
0.00480603
0.00518926
0.323577
0.320877
0.32343
0.319038
0.319447
0.319485
0.315459
0.311545
0.00579476
0.00542442
0.00459183
0.00500489
0.00628635
0.00799448
0.00806167
0.00817385
0.00811857
0.00821215
0.0080846
0.00816455
0.00831762
0.00824146
0.00838833
0.00353227
0.00365935
0.0070003
0.00660082
0.00634321
0.00572711
0.0059228
0.00553361
0.00536538
0.0111842
0.00504177
0.00520203
0.0105152
0.00988371
0.00530869
0.00536806
0.00548115
0.00542578
0.0107432
0.0057087
0.00565482
0.00553929
0.00559842
0.0109649
0.0112058
0.0060784
0.00604163
0.00596694
0.00600647
0.0120033
0.00576455
0.00582255
0.01142
0.0059241
0.00587611
0.0118468
0.0116561
0.00579893
0.00575548
0.00567041
0.00571437
0.011428
0.00545579
0.00551689
0.00562369
0.00557335
0.0112518
0.0110499
0.0049883
0.00504986
0.00516452
0.00510894
0.0101115
0.00539654
0.00534189
0.0107999
0.0052246
0.00528454
0.0103355
0.0105814
0.0031649
0.00325088
0.00344915
0.00334816
0.0066508
0.00390567
0.00378624
0.00357948
0.00367524
0.00711201
0.00751914
0.0323876
0.00738408
0.00758388
0.00714742
0.00698776
0.00666066
0.00681472
0.006081
0.00620784
0.00647635
0.00634854
0.00518923
0.00533991
0.00566459
0.00550019
0.0107822
0.00504357
0.0049178
0.0101716
0.00467201
0.00479416
0.00967017
0.00918644
0.00320686
0.00221706
0.00346292
0.140905
0.13301
0.0540865
0.0709073
0.231629
0.239319
0.21861
0.173678
0.182846
0.235834
0.245272
0.236049
0.0064489
0.00598404
0.00502221
0.00543941
0.00440651
0.150776
0.139679
0.155969
0.00521612
0.138983
0.123313
0.154713
0.13141
0.159148
0.176849
0.162918
0.178766
0.244833
0.249751
0.177056
0.00569138
0.00554406
0.00523313
0.00537325
0.00503025
0.00489045
0.00296089
0.0030997
0.00337723
0.0032381
0.00637503
0.00554886
0.00561187
0.00572591
0.00566995
0.006012
0.00595303
0.00583208
0.00587866
0.00615812
0.00622435
0.00634882
0.00630264
0.00526715
0.00534677
0.00550509
0.00543008
0.00580797
0.00574135
0.00559684
0.00566775
0.00588553
0.00593742
0.00606374
0.00601532
0.00448178
0.00462119
0.00488978
0.00475724
0.00933901
0.00385721
0.00373137
0.00351621
0.00362058
0.0073681
0.00340737
0.00329819
0.00694906
0.00650601
0.0041134
0.00411157
0.00411116
0.0041114
0.00820671
0.00411448
0.00411455
0.00411251
0.00411386
0.00820606
0.00821302
0.00410747
0.00411419
0.00411808
0.00411694
0.00821665
0.00411614
0.00411823
0.00821246
0.00411864
0.00411922
0.00822018
0.00822247
0.00820377
0.00517117
0.00527535
0.00548464
0.00538791
0.00592882
0.00582513
0.00560938
0.00571197
0.00641399
0.00642366
0.0064352
0.00642778
0.00643516
0.00643509
0.00643156
0.00643745
0.00641954
0.0064195
0.00641803
0.0064227
0.0064197
0.00642202
0.00642494
0.00642034
0.00364854
0.00371451
0.00384533
0.00377993
0.00747361
0.00415935
0.0040771
0.00392034
0.00399708
0.00773461
0.00804647
0.0042554
0.00435379
0.00837412
0.00455497
0.004455
0.00877486
0.0052467
0.00525361
0.00526318
0.00525649
0.00527384
0.00526977
0.0052608
0.00526772
0.00528774
0.00528283
0.00527531
0.00528181
0.00526446
0.00526936
0.00527847
0.00527173
0.00520968
0.00522223
0.00524069
0.00523062
0.00526094
0.00525574
0.00524276
0.00525176
0.00528675
0.00528013
0.0105443
0.00526917
0.00527706
0.00525296
0.00525873
0.00527021
0.00526233
0.00413619
0.00414103
0.00415136
0.00414665
0.00827089
0.00416972
0.00416685
0.00415746
0.00416267
0.00829065
0.0083139
0.00418131
0.00418267
0.00418276
0.0041832
0.00835056
0.00417415
0.00417814
0.00832561
0.0041816
0.00418078
0.00834746
0.00834381
0.00416121
0.00416377
0.00416703
0.00416571
0.00831333
0.00417302
0.00417249
0.00416891
0.00417121
0.00831821
0.00832801
0.00418181
0.00418294
0.00834462
0.00418199
0.00418316
0.00835071
0.00417466
0.00417774
0.0083291
0.00418112
0.00417997
0.00834595
0.00834223
0.00548501
0.00515754
0.00473696
0.00328504
0.00393975
0.0106839
0.00363451
0.00338922
0.00651038
0.00383395
0.00378155
0.00368888
0.00373511
0.00749673
0.00364224
0.00358813
0.00731232
0.00711764
0.00403319
0.00403777
0.00404777
0.00404293
0.00806435
0.00407009
0.00406539
0.00405373
0.00405996
0.00808373
0.00810979
0.00410491
0.00410621
0.00409911
0.00410353
0.00819524
0.00407626
0.00408343
0.00812802
0.00409446
0.00408962
0.00817693
0.00815793
0.00631801
0.00633118
0.00634814
0.00633817
0.00636664
0.00635672
0.00634543
0.00635403
0.00640245
0.00640371
0.00640463
0.00640076
0.0063909
0.00639344
0.00639569
0.00639892
0.00534464
0.00535052
0.00535632
0.0053516
0.0053522
0.00535256
0.00535074
0.00535492
0.00529573
0.00530594
0.0053195
0.0053179
0.00533592
0.00533611
0.00533271
0.00533201
0.00513507
0.00514883
0.00517081
0.00515898
0.00519981
0.00519235
0.00517537
0.00518613
0.00525857
0.00524671
0.00522089
0.00522799
0.00519534
0.00520307
0.00521886
0.00520895
0.00507707
0.00507552
0.00505569
0.00506539
0.00419063
0.0042006
0.00422074
0.00421106
0.00839053
0.00426218
0.00425276
0.00423189
0.0042426
0.00842972
0.00847481
0.0043382
0.00433143
0.00431475
0.00432364
0.00863542
0.00427365
0.00428536
0.00851216
0.00430526
0.0042961
0.0085983
0.00856149
0.0044087
0.00440631
0.00440115
0.004404
0.00879014
0.00438923
0.00439346
0.00439893
0.00439672
0.00877854
0.0087708
0.00434621
0.00435473
0.00866181
0.00436807
0.00436215
0.00869755
0.00438581
0.00438303
0.00875292
0.00437381
0.00437912
0.00872088
0.008743
0.00386326
0.00386046
0.00385226
0.00385812
0.00770454
0.00769505
0.00415536
0.0041559
0.00424881
0.00426073
0.00294465
0.00292488
0.0028759
0.00290085
0.00583844
0.00284241
0.00280717
0.00573709
0.00559993
0.00337321
0.00332994
0.00322114
0.00327826
0.00658564
0.00324412
0.00319939
0.00308625
0.0031452
0.00631995
0.00255728
0.00251171
0.00500204
0.0147273
0.0319433
0.0114064
0.00851636
0.0284159
0.00948755
0.00647789
0.00680812
0.00769498
0.00723768
0.00487181
0.00502145
0.00532054
0.00517964
0.00611177
0.00589707
0.00551647
0.00568659
0.00947691
0.00747407
0.00581504
0.00645455
0.0133314
0.00448671
0.00472151
0.00534198
0.00500401
0.0109119
0.00960394
0.00371573
0.00360788
0.00708234
0.00427912
0.00411651
0.0086687
0.00383908
0.00396995
0.00750333
0.00802966
0.0166182
0.0249746
0.0324426
0.0339421
0.0164022
0.0208532
0.0266179
0.0248017
0.0352204
